0 1597706379547241134
512 1597706379557683605
1024 1597706379568253963
1536 1597706379584921507
2048 1597706379599875910
2560 1597706379610454860
3072 1597706379621033015
3584 1597706379631725223
4096 1597706379642203397
4608 1597706379652778348
5120 1597706379663363872
5632 1597706379673972748
6144 1597706379684525551
6656 1597706379695263462
7168 1597706379705687897
7680 1597706379717059409
8192 1597706379726868094
8704 1597706379737429712
9216 1597706379750832786
9728 1597706379758599038
10240 1597706379769173563
10752 1597706379779756699
11264 1597706379790334576
11776 1597706379800915304
12288 1597706379811511180
12800 1597706379822099890
13312 1597706379832681692
13824 1597706379843241254
14336 1597706379853821723
14848 1597706379864919796
15360 1597706379875004958
15872 1597706379885571797
16384 1597706379896209247
16896 1597706380446521863
17408 1597706380457081480
17920 1597706380467657209
18432 1597706380478289436
18944 1597706380488822480
19456 1597706380500943148
19968 1597706380509944345
20480 1597706380520525018
20992 1597706380531106431
21504 1597706380541844528
22016 1597706380552264333
22528 1597706380562843580
23040 1597706380573431419
23552 1597706380584007185
24064 1597706380594594172
24576 1597706380606722210
25088 1597706380615794388
25600 1597706380626374098
26112 1597706380636955437
26624 1597706380647536036
27136 1597706380658115579
27648 1597706380668696770
28160 1597706380679289925
28672 1597706380689861005
29184 1597706380700483437
29696 1597706380711023943
30208 1597706380721600431
30720 1597706380732184808
31232 1597706380742806943
31744 1597706380753388171
32256 1597706380763925085
32768 1597706380774513480
33280 1597706380785089764
33792 1597706380795671845
34304 1597706380806296461
34816 1597706380816831246
35328 1597706380827441011
35840 1597706380837996258
36352 1597706380848573801
36864 1597706380859149456
37376 1597706380869749462
37888 1597706380880315839
38400 1597706380890901808
38912 1597706380901479925
39424 1597706380912078820
39936 1597706380922649437
40448 1597706380933343979
40960 1597706380943803246
41472 1597706380954390197
41984 1597706380964972795
42496 1597706380975552820
43008 1597706380986134678
43520 1597706380996714925
44032 1597706381007285672
44544 1597706381017871974
45056 1597706381028456073
45568 1597706381039035154
46080 1597706381049613234
46592 1597706381060197573
47104 1597706381070776654
47616 1597706381081363623
0 1597706381102552468
512 1597706381113239510
1024 1597706381123647833
1536 1597706381134301320
2048 1597706381144813735
2560 1597706381155391278
3072 1597706381165970414
3584 1597706381176552420
4096 1597706381187132389
4608 1597706381197711747
5120 1597706381208298865
5632 1597706381220256961
6144 1597706381229500228
6656 1597706381240074957
7168 1597706381250672000
7680 1597706381261258247
8192 1597706381271821772
8704 1597706381282402223
9216 1597706381292983099
9728 1597706381303570587
10240 1597706381314175704
10752 1597706381324807505
11264 1597706381335316272
11776 1597706381345899241
12288 1597706381356483396
12800 1597706381367057569
13312 1597706381377636816
13824 1597706381388409597
14336 1597706381398805143
14848 1597706381409385130
15360 1597706381419966544
15872 1597706381430544643
16384 1597706381441126705
16896 1597706381451706970
17408 1597706381462285199
17920 1597706381472868446
18432 1597706381483448600
18944 1597706381494032347
19456 1597706381504616760
19968 1597706381515195341
20480 1597706381525804384
20992 1597706381536360594
21504 1597706381546944822
22016 1597706381557520625
22528 1597706381568101594
23040 1597706381578681786
23552 1597706381589299180
24064 1597706381599849039
24576 1597706381610432137
25088 1597706381621006403
25600 1597706381631591465
26112 1597706381642171378
26624 1597706381652747496
27136 1597706381663329428
27648 1597706381673913490
28160 1597706381684496644
28672 1597706381695078372
29184 1597706381705658175
29696 1597706381716290106
30208 1597706381726822558
30720 1597706381737399212
31232 1597706381747982126
31744 1597706381758565243
32256 1597706381769144694
32768 1597706381779881901
33280 1597706381790309040
33792 1597706381800893083
34304 1597706381811468774
34816 1597706381822049077
35328 1597706381832632805
35840 1597706381843231756
36352 1597706381853796484
36864 1597706381864377546
37376 1597706381874959423
37888 1597706381885541336
38400 1597706381896119861
38912 1597706381906701664
39424 1597706381917305207
39936 1597706381927862787
40448 1597706381938435479
40960 1597706381949017503
41472 1597706381959596621
41984 1597706381970184294
42496 1597706381980813781
43008 1597706381991341788
43520 1597706382001926479
44032 1597706382012514115
44544 1597706382023093232
45056 1597706382033672905
45568 1597706382044300614
46080 1597706382054831825
46592 1597706382065410054
47104 1597706382076001467
47616 1597706382086580714
0 1597706382107812503
512 1597706382118318881
1024 1597706382128904776
1536 1597706382139697576
2048 1597706382150028123
2560 1597706382160608444
3072 1597706382171313911
3584 1597706382181768864
4096 1597706382192349740
4608 1597706382202935321
5120 1597706382213508901
5632 1597706382224090556
6144 1597706382234807560
6656 1597706382245299253
7168 1597706382255876222
7680 1597706382266455858
8192 1597706382277043105
8704 1597706382287613667
9216 1597706382298198636
9728 1597706382308778920
10240 1597706382319359389
10752 1597706382329943006
11264 1597706382340557660
11776 1597706382351114093
12288 1597706382361693062
12800 1597706382372296957
13312 1597706382382856334
13824 1597706382393436025
14336 1597706382404015643
14848 1597706382414599519
15360 1597706382425182637
15872 1597706382435790754
16384 1597706382446351112
16896 1597706382456932007
17408 1597706382467502625
17920 1597706382478083946
18432 1597706382488667656
18944 1597706382499247366
19456 1597706382509830428
19968 1597706382520413490
20480 1597706382530991940
20992 1597706382541573410
21504 1597706382552162342
22016 1597706382562805865
22528 1597706382573316928
23040 1597706382583897638
23552 1597706382594486422
24064 1597706382605062892
24576 1597706382615642916
25088 1597706382626328328
25600 1597706382636805133
26112 1597706382647388231
26624 1597706382657966386
27136 1597706382668547374
27648 1597706382679129232
28160 1597706382689790403
28672 1597706382700292466
29184 1597706382710872862
29696 1597706382721453757
30208 1597706382732036893
30720 1597706382742664083
31232 1597706382753254404
31744 1597706382763800244
32256 1597706382774357122
32768 1597706382784938906
33280 1597706382795524764
33792 1597706382806105029
34304 1597706382816680239
34816 1597706382827328115
35328 1597706382837849881
35840 1597706382848432073
36352 1597706382859000968
36864 1597706382869586159
37376 1597706382880173295
37888 1597706382890749690
38400 1597706382901326271
38912 1597706382911916129
39424 1597706382922489357
39936 1597706382933068327
40448 1597706382943657888
40960 1597706382954340671
41472 1597706382964816994
41984 1597706382975403759
42496 1597706382985976617
43008 1597706382996566660
43520 1597706383007153370
44032 1597706383017860801
44544 1597706383028308013
45056 1597706383038884815
45568 1597706383049469192
46080 1597706383060053032
46592 1597706383070628557
47104 1597706383081211415
47616 1597706383091789421
0 1597706383112979174
512 1597706383123543773
1024 1597706383134117983
1536 1597706383144709897
2048 1597706383156832676
2560 1597706383165830114
3072 1597706383176409250
3584 1597706383186988515
4096 1597706383197566818
4608 1597706383208151713
5120 1597706383218789256
5632 1597706383229311318
6144 1597706383239891565
6656 1597706383250470405
7168 1597706383261102448
7680 1597706383271681028
8192 1597706383282260238
8704 1597706383292843578
9216 1597706383303419955
9728 1597706383313999628
10240 1597706383324584597
10752 1597706383335165066
11264 1597706383345748776
11776 1597706383356328431
12288 1597706383366907492
12800 1597706383377522165
13312 1597706383388109338
13824 1597706383398646956
14336 1597706383409342442
14848 1597706383419808246
15360 1597706383430393697
15872 1597706383440968074
16384 1597706383451554913
16896 1597706383462134957
17408 1597706383472717667
17920 1597706383483304988
18432 1597706383493881272
18944 1597706383504460463
19456 1597706383515043766
19968 1597706383525631328
20480 1597706383536209130
20992 1597706383546789211
21504 1597706383557392772
22016 1597706383567943279
22528 1597706383578529100
23040 1597706383589106162
23552 1597706383599716298
24064 1597706383610297545
24576 1597706383620850107
25088 1597706383631437558
25600 1597706383642015064
26112 1597706383652614089
26624 1597706383663194410
27136 1597706383673794768
27648 1597706383684350311
28160 1597706383694929151
28672 1597706383705509454
29184 1597706383716081127
29696 1597706383726668226
30208 1597706383737256676
30720 1597706383747827572
31232 1597706383758409726
31744 1597706383768992325
32256 1597706383779573183
32768 1597706383790150504
33280 1597706383800807139
33792 1597706383811316961
34304 1597706383821894912
34816 1597706383832473992
35328 1597706383843055036
35840 1597706383853634246
36352 1597706383864335528
36864 1597706383874801203
37376 1597706383885383820
37888 1597706383895974363
38400 1597706383906555222
38912 1597706383917122932
39424 1597706383927714420
39936 1597706383938283982
40448 1597706383948868136
40960 1597706383959450883
41472 1597706383970064037
41984 1597706383980619173
42496 1597706383991200717
43008 1597706384001795593
43520 1597706384012363803
44032 1597706384022947976
44544 1597706384033524668
45056 1597706384044105341
45568 1597706384054693032
46080 1597706384065306612
46592 1597706384075853342
47104 1597706384086434422
47616 1597706384097020539
0 1597706384118200293
512 1597706384128758133
1024 1597706384139339880
1536 1597706384149921108
2048 1597706384160501985
2560 1597706384171082065
3072 1597706384181624035
3584 1597706384192247356
4096 1597706384202784678
4608 1597706384213369999
5120 1597706384223945265
5632 1597706384234530289
6144 1597706384245110407
6656 1597706384255861929
7168 1597706384266273716
7680 1597706384276874703
8192 1597706384287477172
8704 1597706384298059179
9216 1597706384308635722
9728 1597706384319217506
10240 1597706384329802846
10752 1597706384340378871
11264 1597706384350960655
11776 1597706384361542661
12288 1597706384372125612
12800 1597706384382707711
13312 1597706384393297014
13824 1597706384403866779
14336 1597706384414450119
14848 1597706384425032311
15360 1597706384435615576
15872 1597706384446194990
16384 1597706384456813385
16896 1597706384467353392
17408 1597706384477962490
17920 1597706384488517904
18432 1597706384499098985
18944 1597706384509734361
19456 1597706384520278516
19968 1597706384530843522
20480 1597706384541423047
20992 1597706384552004591
21504 1597706384562593634
22016 1597706384573165251
22528 1597706384583750221
23040 1597706384594330616
23552 1597706384604913900
24064 1597706384615490277
24576 1597706384626076524
25088 1597706384636673660
25600 1597706384647361979
26112 1597706384657814043
26624 1597706384668393420
27136 1597706384678981352
27648 1597706384689554914
28160 1597706384700140754
28672 1597706384710716556
29184 1597706384721300229
29696 1597706384731881958
30208 1597706384742463094
30720 1597706384753129025
31232 1597706384763628940
31744 1597706384774237464
32256 1597706384784820174
32768 1597706384795373496
33280 1597706384805955465
33792 1597706384816537101
34304 1597706384827116811
34816 1597706384837694559
35328 1597706384848302398
35840 1597706384858860034
36352 1597706384869436763
36864 1597706384880020084
37376 1597706384890614868
37888 1597706384901183578
38400 1597706384922349961
38912 1597706384932925319
39424 1597706384943511696
39936 1597706384954093777
40448 1597706384964676079
40960 1597706384975257123
41472 1597706384985839981
41984 1597706384996451653
42496 1597706385007010753
43008 1597706385017580537
43520 1597706385028161303
44032 1597706385038812678
44544 1597706385049324297
45056 1597706385059907025
45568 1597706385070486736
46080 1597706385081066131
46592 1597706385091647934
47104 1597706385102339290
47616 1597706385112814206
0 1597706385133996681
512 1597706385144560484
1024 1597706385155140324
1536 1597706385165717775
2048 1597706385176303744
2560 1597706385186882287
3072 1597706385198808125
3584 1597706385208009208
4096 1597706385218582344
4608 1597706385229161999
5120 1597706385239762246
5632 1597706385250324401
6144 1597706385260907740
6656 1597706385271513598
7168 1597706385282072179
7680 1597706385292690018
8192 1597706385303322450
8704 1597706385313852735
9216 1597706385324436389
9728 1597706385335017118
10240 1597706385345597346
10752 1597706385356181390
11264 1597706385366758063
11776 1597706385377337829
12288 1597706385387940113
12800 1597706385398501879
13312 1597706385409082700
13824 1597706385419704520
14336 1597706385430274416
14848 1597706385440826904
15360 1597706385451411873
15872 1597706385461991602
16384 1597706385472572016
16896 1597706385483151856
17408 1597706385493882508
17920 1597706385504320054
18432 1597706385514897912
18944 1597706385525513547
19456 1597706385536066295
19968 1597706385546642616
20480 1597706385557227289
20992 1597706385567796074
21504 1597706385578383728
22016 1597706385588959309
22528 1597706385599553296
23040 1597706385610124803
23552 1597706385620709031
24064 1597706385631292723
24576 1597706385641868933
25088 1597706385652480847
25600 1597706385663035353
26112 1597706385673614526
26624 1597706385684194496
27136 1597706385694806705
27648 1597706385705372027
28160 1597706385715937015
28672 1597706385726521910
29184 1597706385737097750
29696 1597706385747677127
30208 1597706385758269207
30720 1597706385768837214
31232 1597706385779427683
31744 1597706385790002856
32256 1597706385800591603
32768 1597706385811171350
33280 1597706385821749357
33792 1597706385832329660
34304 1597706385842914740
34816 1597706385853493728
35328 1597706385864077475
35840 1597706385874662426
36352 1597706385885344208
36864 1597706385895824439
37376 1597706385906401723
37888 1597706385916976452
38400 1597706385927560680
38912 1597706385938136464
39424 1597706385948720878
39936 1597706385959299422
40448 1597706385969884243
40960 1597706385980464731
41472 1597706385991044367
41984 1597706386001627447
42496 1597706386012209954
43008 1597706386022790219
43520 1597706386033375596
44032 1597706386043955602
44544 1597706386054547850
45056 1597706386065125060
45568 1597706386075707214
46080 1597706386086300498
46592 1597706386096865783
47104 1597706386107451382
47616 1597706386118016277
0 1597706386139210864
512 1597706386149809759
1024 1597706386160352007
1536 1597706386170924513
2048 1597706386181510649
2560 1597706386192092896
3072 1597706386202668829
3584 1597706386213223539
4096 1597706386223796824
4608 1597706386234376571
5120 1597706386244957374
5632 1597706386255538991
6144 1597706386266121683
6656 1597706386276781466
7168 1597706386287285455
7680 1597706386297861610
8192 1597706386308551615
8704 1597706386319060159
9216 1597706386329653036
9728 1597706386340297060
10240 1597706386350809808
10752 1597706386361395888
11264 1597706386371967302
11776 1597706386382548105
12288 1597706386393139334
12800 1597706386403710637
13312 1597706386414331717
13824 1597706386424876372
14336 1597706386435459063
14848 1597706386446043440
15360 1597706386456626335
15872 1597706386467209175
16384 1597706386477801570
16896 1597706386488362521
17408 1597706386498944009
17920 1597706386509525979
18432 1597706386520111430
18944 1597706386530691621
19456 1597706386541350701
19968 1597706386551849764
20480 1597706386562433196
20992 1597706386573011036
21504 1597706386583595302
22016 1597706386594180549
22528 1597706386604763315
23040 1597706386615368765
23552 1597706386625930735
24064 1597706386636510297
24576 1597706386647088933
25088 1597706386657669458
25600 1597706386668290297
26112 1597706386678828878
26624 1597706386689411070
27136 1597706386699998002
27648 1597706386710575083
28160 1597706386721156682
28672 1597706386731882871
29184 1597706386742316380
29696 1597706386752901312
30208 1597706386763483022
30720 1597706386774061251
31232 1597706386784644683
31744 1597706386795240523
32256 1597706386805808141
32768 1597706386816409758
33280 1597706386826969024
33792 1597706386837549753
34304 1597706386848132592
34816 1597706386858710895
35328 1597706386869293161
35840 1597706386879874167
36352 1597706386890457211
36864 1597706386901034384
37376 1597706386911620279
37888 1597706386922203749
38400 1597706386932829810
38912 1597706386943358095
39424 1597706386953942694
39936 1597706386964523478
40448 1597706386975108188
40960 1597706386985687824
41472 1597706386996281071
41984 1597706387006850893
42496 1597706387017428696
43008 1597706387028011998
43520 1597706387038596042
44032 1597706387049190326
44544 1597706387059757388
45056 1597706387070333858
45568 1597706387080914420
46080 1597706387091497093
46592 1597706387102077377
47104 1597706387112677328
47616 1597706387123347759
0 1597706387144437014
512 1597706387154993206
1024 1597706387165566824
1536 1597706387176152497
2048 1597706387186732448
2560 1597706387197309287
3072 1597706387207892350
3584 1597706387218472967
4096 1597706387230599339
4608 1597706387239594870
5120 1597706387250174376
5632 1597706387260765845
6144 1597706387271338778
6656 1597706387281917470
7168 1597706387292498143
7680 1597706387303085686
8192 1597706387313692803
8704 1597706387324305013
9216 1597706387336388738
9728 1597706387345449638
10240 1597706387356030181
10752 1597706387366608854
11264 1597706387377225249
11776 1597706387387866792
12288 1597706387398346096
12800 1597706387408928288
13312 1597706387419508220
13824 1597706387430096801
14336 1597706387440674529
14848 1597706387451253869
15360 1597706387461839376
15872 1597706387472415493
16384 1597706387482997926
16896 1597706387493576877
17408 1597706387504157291
17920 1597706387514821129
18432 1597706387525328859
18944 1597706387535912162
19456 1597706387546491983
19968 1597706387557072804
20480 1597706387567643256
20992 1597706387578311483
21504 1597706387588820250
22016 1597706387599389423
22528 1597706387609969985
23040 1597706387620554121
23552 1597706387631136591
24064 1597706387641720912
24576 1597706387652294493
25088 1597706387662882203
25600 1597706387673463431
26112 1597706387684039994
26624 1597706387694658888
27136 1597706387705211173
27648 1597706387715799476
28160 1597706387726370686
28672 1597706387736978007
29184 1597706387747531162
29696 1597706387758109095
30208 1597706387768689064
30720 1597706387779320662
31232 1597706387789852410
31744 1597706387800431361
32256 1597706387811019608
32768 1597706387821598985
33280 1597706387832175010
33792 1597706387842786628
34304 1597706387853347449
34816 1597706387863926567
35328 1597706387874509314
35840 1597706387885092524
36352 1597706387895673549
36864 1597706387906273259
37376 1597706387916838081
37888 1597706387927414235
38400 1597706387937993334
38912 1597706387948614563
39424 1597706387959158273
39936 1597706387969886444
40448 1597706387980320657
40960 1597706387990901274
41472 1597706388001483040
41984 1597706388012068509
42496 1597706388022669405
43008 1597706388033226949
43520 1597706388043805788
44032 1597706388054389906
44544 1597706388064969357
45056 1597706388075550086
45568 1597706388086134203
46080 1597706388096718488
46592 1597706388107293346
47104 1597706388117874538
47616 1597706388128458970
0 1597706388149609613
512 1597706388160167324
1024 1597706388170802570
1536 1597706388181326596
2048 1597706388191902936
2560 1597706388202484443
3072 1597706388213065338
3584 1597706388223647845
4096 1597706388234263036
4608 1597706388244912597
5120 1597706388255443363
5632 1597706388266014148
6144 1597706388276600210
6656 1597706388287208864
7168 1597706388297774797
7680 1597706388308335174
8192 1597706388318910273
8704 1597706388329502261
9216 1597706388340080712
9728 1597706388350690144
10240 1597706388361348538
10752 1597706388371823528
11264 1597706388382403146
11776 1597706388392985504
12288 1597706388403567622
12800 1597706388414147999
13312 1597706388424732764
13824 1597706388435313938
14336 1597706388445900000
14848 1597706388456477191
15360 1597706388467058624
15872 1597706388477634131
16384 1597706388488216137
16896 1597706388498796681
17408 1597706388509381743
17920 1597706388519968008
18432 1597706388530541885
18944 1597706388541125503
19456 1597706388551705454
19968 1597706388562300127
20480 1597706388572867615
20992 1597706388583456955
21504 1597706388594029258
22016 1597706388604615561
22528 1597706388615193827
23040 1597706388625799722
23552 1597706388636361636
24064 1597706388646939476
24576 1597706388657518353
25088 1597706388668098600
25600 1597706388678679273
26112 1597706388689260669
26624 1597706388699848675
27136 1597706388710451459
27648 1597706388721005781
28160 1597706388731588584
28672 1597706388742167849
29184 1597706388752813707
29696 1597706388763331900
30208 1597706388773910869
30720 1597706388784495098
31232 1597706388795075197
31744 1597706388805656852
32256 1597706388816318968
32768 1597706388826820939
33280 1597706388837401519
33792 1597706388847978526
34304 1597706388858562088
34816 1597706388869143335
35328 1597706388879729749
35840 1597706388890307108
36352 1597706388900886707
36864 1597706388911465824
37376 1597706388922048238
37888 1597706388932656911
38400 1597706388943208955
38912 1597706388953874423
39424 1597706388964401968
39936 1597706388974957641
40448 1597706388985543111
40960 1597706388996121747
41472 1597706389006702402
41984 1597706389017315260
42496 1597706389027858878
43008 1597706389038439588
43520 1597706389049022984
44032 1597706389059609083
44544 1597706389070188126
45056 1597706389080765466
45568 1597706389091348603
46080 1597706389101929794
46592 1597706389112509097
47104 1597706389123092567
47616 1597706389133671981
0 1597706389154860623
512 1597706389165419223
1024 1597706389175962156
1536 1597706389186541903
2048 1597706389197154854
2560 1597706389207726046
3072 1597706389218301274
3584 1597706389228863337
4096 1597706389239448510
4608 1597706389250028591
5120 1597706389260608912
5632 1597706389271232159
6144 1597706389281812832
6656 1597706389292393265
7168 1597706389302972160
7680 1597706389313552500
8192 1597706389324132118
8704 1597706389334716569
9216 1597706389345298538
9728 1597706389355878674
10240 1597706389366458366
10752 1597706389377041428
11264 1597706389387624398
11776 1597706389398203738
12288 1597706389408828281
12800 1597706389419364269
13312 1597706389429946276
13824 1597706389440526968
14336 1597706389451107567
14848 1597706389461692277
15360 1597706389472307302
15872 1597706389482852031
16384 1597706389493432112
16896 1597706389504015878
17408 1597706389514597014
17920 1597706389525181706
18432 1597706389535763416
18944 1597706389546342978
19456 1597706389556926003
19968 1597706389567506287
20480 1597706389578082590
20992 1597706389588700337
21504 1597706389599370565
22016 1597706389609820703
22528 1597706389620401098
23040 1597706389630982938
23552 1597706389641570704
24064 1597706389652142877
24576 1597706389662734569
25088 1597706389673338520
25600 1597706389683896823
26112 1597706389694479978
26624 1597706389705062188
27136 1597706389715642102
27648 1597706389726222738
28160 1597706389736804726
28672 1597706389747381955
29184 1597706389757968165
29696 1597706389768544542
30208 1597706389779127215
30720 1597706389789744907
31232 1597706389800309395
31744 1597706389810869939
32256 1597706389821453557
32768 1597706389832032730
33280 1597706389842642995
33792 1597706389853194447
34304 1597706389863800157
34816 1597706389874384904
35328 1597706389884941763
35840 1597706389895527436
36352 1597706389906102757
36864 1597706389937850129
37376 1597706389948421543
37888 1597706389959005698
38400 1597706389969579982
38912 1597706389980247450
39424 1597706389990814476
39936 1597706390001332205
40448 1597706390011919156
40960 1597706390022495330
41472 1597706390033079410
41984 1597706390043664824
42496 1597706390054387996
43008 1597706390064823060
43520 1597706390075403030
44032 1597706390085986518
44544 1597706390096569284
45056 1597706390107185104
45568 1597706390117726204
46080 1597706390128305600
46592 1597706390138893032
47104 1597706390149468539
47616 1597706390160053083
0 1597706390181236966
512 1597706390191789269
1024 1597706390202338202
1536 1597706390212914042
2048 1597706390223495623
2560 1597706390234100370
3072 1597706390244665766
3584 1597706390255322160
4096 1597706390265825742
4608 1597706390276405286
5120 1597706390287091735
5632 1597706390297613280
6144 1597706390308189268
6656 1597706390318768238
7168 1597706390329351596
7680 1597706390339932677
8192 1597706390350513702
8704 1597706390361094060
9216 1597706390371673141
9728 1597706390382272666
10240 1597706390392837728
10752 1597706390403417346
11264 1597706390413998001
11776 1597706390424583415
12288 1597706390435167144
12800 1597706390445881241
13312 1597706390456325139
13824 1597706390466905164
14336 1597706390477485781
14848 1597706390488094139
15360 1597706390498651332
15872 1597706390509233320
16384 1597706390519814308
16896 1597706390530391722
17408 1597706390540975025
17920 1597706390551555680
18432 1597706390562135853
18944 1597706390572714934
19456 1597706390583314736
19968 1597706390593878317
20480 1597706390604463861
20992 1597706390615052849
21504 1597706390625627096
22016 1597706390636207955
22528 1597706390646830572
23040 1597706390657366746
23552 1597706390667947623
24064 1597706390678527963
24576 1597706390689109747
25088 1597706390699728716
25600 1597706390710291464
26112 1597706390720853563
26624 1597706390731433200
27136 1597706390742015595
27648 1597706390752636546
28160 1597706390763178794
28672 1597706390773770226
29184 1597706390784346510
29696 1597706390794923980
30208 1597706390805505005
30720 1597706390816085067
31232 1597706390826667204
31744 1597706390837342820
32256 1597706390847832124
32768 1597706390858414983
33280 1597706390868993415
33792 1597706390879573255
34304 1597706390890156040
34816 1597706390900734102
35328 1597706390911316072
35840 1597706390921896097
36352 1597706390932476770
36864 1597706390943059703
37376 1597706390953642968
37888 1597706390964260493
38400 1597706390974810259
38912 1597706390985387377
39424 1597706390995968513
39936 1597706391006551316
40448 1597706391017172322
40960 1597706391027714126
41472 1597706391038309558
41984 1597706391048879769
42496 1597706391059454202
43008 1597706391070037523
43520 1597706391080619567
44032 1597706391091197907
44544 1597706391101800191
45056 1597706391112360105
45568 1597706391122941630
46080 1597706391133523859
46592 1597706391144103570
47104 1597706391154686502
47616 1597706391165265583
0 1597706391186456577
512 1597706391197010233
1024 1597706391207593943
1536 1597706391218136376
2048 1597706391228785419
2560 1597706391239293112
3072 1597706391249874230
3584 1597706391260460292
4096 1597706391271035021
4608 1597706391281616416
5120 1597706391292232589
5632 1597706391302780467
6144 1597706391314935301
6656 1597706391323982591
7168 1597706391334565134
7680 1597706391345150641
8192 1597706391355728907
8704 1597706391366306821
9216 1597706391376903901
9728 1597706391387474686
10240 1597706391398050156
10752 1597706391408632329
11264 1597706391419216095
11776 1597706391429812731
12288 1597706391440376794
12800 1597706391450956319
13312 1597706391461542973
13824 1597706391472120443
14336 1597706391482702320
14848 1597706391493325123
15360 1597706391503864297
15872 1597706391514447414
16384 1597706391525031680
16896 1597706391535610594
17408 1597706391546191268
17920 1597706391556773219
18432 1597706391567350781
18944 1597706391577933547
19456 1597706391588516220
19968 1597706391599094116
20480 1597706391609711474
20992 1597706391620278388
21504 1597706391630837284
22016 1597706391641421791
22528 1597706391652000557
23040 1597706391662618674
23552 1597706391673162237
24064 1597706391683883204
24576 1597706391694327287
25088 1597706391704909016
25600 1597706391715487411
26112 1597706391726071622
26624 1597706391736652888
27136 1597706391747231098
27648 1597706391757814234
28160 1597706391768395111
28672 1597706391778976025
29184 1597706391789556403
29696 1597706391800139446
30208 1597706391810719768
30720 1597706391821300793
31232 1597706391831881577
31744 1597706391842461806
32256 1597706391853044368
32768 1597706391863623468
33280 1597706391874219733
33792 1597706391884832369
34304 1597706391895372432
34816 1597706391905951494
35328 1597706391916529483
35840 1597706391927152526
36352 1597706391937694200
36864 1597706391948294484
37376 1597706391958848565
37888 1597706391969437627
38400 1597706391980018967
38912 1597706391990601677
39424 1597706392001184091
39936 1597706392011776116
40448 1597706392022343994
40960 1597706392032928204
41472 1597706392043506359
41984 1597706392054085884
42496 1597706392064674409
43008 1597706392075344526
43520 1597706392085833719
44032 1597706392096414430
44544 1597706392106995696
45056 1597706392117578425
45568 1597706392128160394
46080 1597706392138779771
46592 1597706392149318611
47104 1597706392159901488
47616 1597706392170480143
0 1597706392191670045
512 1597706392202226330
1024 1597706392212804466
1536 1597706392223390344
2048 1597706392235511957
2560 1597706392244513839
3072 1597706392255095105
3584 1597706392265672334
4096 1597706392276293285
4608 1597706392286835310
5120 1597706392297413984
5632 1597706392307996102
6144 1597706392318578071
6656 1597706392329157300
7168 1597706392340242873
7680 1597706392350361220
8192 1597706392360944246
8704 1597706392371523438
9216 1597706392382105352
9728 1597706392392685784
10240 1597706392403265161
10752 1597706392413846242
11264 1597706392424436156
11776 1597706392435038903
12288 1597706392445594540
12800 1597706392456178954
13312 1597706392466808293
13824 1597706392477333912
14336 1597706392487916419
14848 1597706392498499296
15360 1597706392509083525
15872 1597706392519701920
16384 1597706392530381499
16896 1597706392540824249
17408 1597706392551404422
17920 1597706392561985318
18432 1597706392572603972
18944 1597706392583153035
19456 1597706392593731801
19968 1597706392604315122
20480 1597706392614890055
20992 1597706392625475969
21504 1597706392636058457
22016 1597706392646645649
22528 1597706392657222656
23040 1597706392667825792
23552 1597706392678380688
24064 1597706392688964417
24576 1597706392699543646
25088 1597706392710125819
25600 1597706392720704696
26112 1597706392731322054
26624 1597706392741867024
27136 1597706392752450716
27648 1597706392763030001
28160 1597706392773640322
28672 1597706392784195070
29184 1597706392794776502
29696 1597706392805357842
30208 1597706392815937794
30720 1597706392826519615
31232 1597706392837101696
31744 1597706392847679480
32256 1597706392858276857
32768 1597706392868842364
33280 1597706392879423649
33792 1597706392890012766
34304 1597706392900600458
34816 1597706392911166984
35328 1597706392921886359
35840 1597706392932333182
36352 1597706392942910615
36864 1597706392953498992
37376 1597706392964072110
37888 1597706392974656672
38400 1597706392985238882
38912 1597706392995822778
39424 1597706393006403637
39936 1597706393016982958
40448 1597706393027562206
40960 1597706393038144435
41472 1597706393048724127
41984 1597706393059304152
42496 1597706393069888325
43008 1597706393080467073
43520 1597706393091047913
44032 1597706393101629068
44544 1597706393112210667
45056 1597706393122830173
45568 1597706393133384384
46080 1597706393143955836
46592 1597706393154546842
47104 1597706393165117497
47616 1597706393175700171
0 1597706393196891332
512 1597706393207447728
1024 1597706393218024031
1536 1597706393228605593
2048 1597706393239186211
2560 1597706393249769514
3072 1597706393260314966
3584 1597706393270891325
4096 1597706393281505553
4608 1597706393292049746
5120 1597706393302631826
5632 1597706393313321387
6144 1597706393323793673
6656 1597706393334377032
7168 1597706393344958779
7680 1597706393355644988
8192 1597706393366165626
8704 1597706393376760540
9216 1597706393387328232
9728 1597706393397902776
10240 1597706393408484468
10752 1597706393419066178
11264 1597706393429645796
11776 1597706393440230951
12288 1597706393450809680
12800 1597706393461392242
13312 1597706393471972267
13824 1597706393482590255
14336 1597706393493133133
14848 1597706393503716473
15360 1597706393514375312
15872 1597706393524890431
16384 1597706393535460789
16896 1597706393546047148
17408 1597706393556620155
17920 1597706393567194643
18432 1597706393577818483
18944 1597706393588361305
19456 1597706393598942534
19968 1597706393609524633
20480 1597706393620104584
20992 1597706393630685202
21504 1597706393641270005
22016 1597706393651846790
22528 1597706393662476999
23040 1597706393673011285
23552 1597706393683592717
24064 1597706393694174169
24576 1597706393704810286
25088 1597706393715339164
25600 1597706393725921911
26112 1597706393736504140
26624 1597706393747094887
27136 1597706393757707301
27648 1597706393768397788
28160 1597706393778824482
28672 1597706393789400859
29184 1597706393799990588
29696 1597706393810568132
30208 1597706393821147027
30720 1597706393831725831
31232 1597706393842306708
31744 1597706393852890066
32256 1597706393863472647
32768 1597706393874063617
33280 1597706393884637216
33792 1597706393895223371
34304 1597706393905817378
34816 1597706393916381755
35328 1597706393926987446
35840 1597706393937538194
36352 1597706393948131238
36864 1597706393958701893
37376 1597706393969329344
37888 1597706393979864796
38400 1597706393990445413
38912 1597706394001026772
39424 1597706394011608464
39936 1597706394022189934
40448 1597706394032776107
40960 1597706394043353799
41472 1597706394053931232
41984 1597706394064542961
42496 1597706394075097134
43008 1597706394085684974
43520 1597706394096275444
44032 1597706394106839192
44544 1597706394117418847
45056 1597706394128003557
45568 1597706394138583046
46080 1597706394149164256
46592 1597706394159878816
47104 1597706394170342473
47616 1597706394180909443
0 1597706394202097753
512 1597706394212651778
1024 1597706394223230341
1536 1597706394233810718
2048 1597706394244402447
2560 1597706394254978917
3072 1597706394265562831
3584 1597706394277745276
4096 1597706394286691289
4608 1597706394297272185
5120 1597706394307883895
5632 1597706394318430088
6144 1597706394329009150
6656 1597706394339590416
7168 1597706394350171553
7680 1597706394360809855
8192 1597706394371333381
8704 1597706394381959998
9216 1597706394392584319
9728 1597706394403118864
10240 1597706394413698111
10752 1597706394424424227
11264 1597706394434865699
11776 1597706394445446132
12288 1597706394456026824
12800 1597706394466608368
13312 1597706394477215911
13824 1597706394487776955
14336 1597706394498342555
14848 1597706394508924710
15360 1597706394519507716
15872 1597706394530092964
16384 1597706394540673397
16896 1597706394551344772
17408 1597706394561843855
17920 1597706394572414176
18432 1597706394583009387
18944 1597706394593580857
19456 1597706394604164697
19968 1597706394614780999
20480 1597706394625323229
20992 1597706394635901569
21504 1597706394646491242
22016 1597706394657080305
22528 1597706394667640904
23040 1597706394678231596
23552 1597706394688809918
24064 1597706394699388332
24576 1597706394709969117
25088 1597706394720551420
25600 1597706394731135667
26112 1597706394741714878
26624 1597706394752315903
27136 1597706394762883539
27648 1597706394773463843
28160 1597706394784041164
28672 1597706394794630171
29184 1597706394805208974
29696 1597706394815813906
30208 1597706394826369654
30720 1597706394836951902
31232 1597706394847529409
31744 1597706394858109675
32256 1597706394868684145
32768 1597706394879270892
33280 1597706394889853880
33792 1597706394900429221
34304 1597706394911021320
34816 1597706394932183482
35328 1597706394942828469
35840 1597706394953339477
36352 1597706394963924335
36864 1597706394974506213
37376 1597706394985120293
37888 1597706394995668652
38400 1597706395006397805
38912 1597706395016827666
39424 1597706395027412117
39936 1597706395037987494
40448 1597706395048564446
40960 1597706395059148934
41472 1597706395069745255
41984 1597706395080315448
42496 1597706395090906991
43008 1597706395101474702
43520 1597706395112056894
44032 1597706395122636068
44544 1597706395133271203
45056 1597706395143822433
45568 1597706395154394829
46080 1597706395164968169
46592 1597706395175553324
47104 1597706395186133572
47616 1597706395196712282
0 1597706395217893814
512 1597706395228457395
1024 1597706395239031328
1536 1597706395249609594
2048 1597706395260201656
2560 1597706395270774923
3072 1597706395281355356
3584 1597706395291960473
4096 1597706395302487296
4608 1597706395313081617
5120 1597706395323645828
5632 1597706395334280649
6144 1597706395344812601
6656 1597706395355390293
7168 1597706395365972355
7680 1597706395376553918
8192 1597706395387152072
8704 1597706395398743360
9216 1597706395408332789
9728 1597706395418909556
10240 1597706395429498099
10752 1597706395440082866
11264 1597706395450654132
11776 1597706395461246027
12288 1597706395471821756
12800 1597706395482398115
13312 1597706395492980215
13824 1597706395503559999
14336 1597706395514146821
14848 1597706395524732976
15360 1597706395535313890
15872 1597706395545891934
16384 1597706395556472811
16896 1597706395567067392
17408 1597706395577636732
17920 1597706395588218295
18432 1597706395598829746
18944 1597706395609370457
19456 1597706395619957445
19968 1597706395630538007
20480 1597706395641119181
20992 1597706395651695743
21504 1597706395662331749
22016 1597706395672873942
22528 1597706395683448004
23040 1597706395694022123
23552 1597706395704614889
24064 1597706395715190840
24576 1597706395725782087
25088 1597706395736356520
25600 1597706395746943471
26112 1597706395757552441
26624 1597706395768100930
27136 1597706395778685122
27648 1597706395789348109
28160 1597706395799843969
28672 1597706395810421976
29184 1597706395821004538
29696 1597706395831586304
30208 1597706395842168385
30720 1597706395852773577
31232 1597706395863326195
31744 1597706395873912776
32256 1597706395884495709
32768 1597706395895074956
33280 1597706395905655333
33792 1597706395916232951
34304 1597706395926821254
34816 1597706395937396502
35328 1597706395947977157
35840 1597706395958597904
36352 1597706395969139060
36864 1597706395979724196
37376 1597706395990322462
37888 1597706396000876636
38400 1597706396011467161
38912 1597706396022040390
39424 1597706396032623231
39936 1597706396043209774
40448 1597706396053824373
40960 1597706396064371585
41472 1597706396074957332
41984 1597706396085535950
42496 1597706396096116550
43008 1597706396106697631
43520 1597706396117271878
44032 1597706396127857200
44544 1597706396138436337
45056 1597706396149007862
45568 1597706396159595443
46080 1597706396170176265
46592 1597706396180806363
47104 1597706396191340204
47616 1597706396201923489
0 1597706396223109965
512 1597706396233663139
1024 1597706396244419977
1536 1597706396254833486
2048 1597706396265419419
2560 1597706396275997093
3072 1597706396286578340
3584 1597706396297173477
4096 1597706396307805631
4608 1597706396318279954
5120 1597706396328857257
5632 1597706396339440487
6144 1597706396350027216
6656 1597706396360600556
7168 1597706396371186026
7680 1597706396381785903
8192 1597706396392347762
8704 1597706396402926083
9216 1597706396416265623
9728 1597706396424133245
10240 1597706396434715400
10752 1597706396445333017
11264 1597706396455874599
11776 1597706396466456939
12288 1597706396477044038
12800 1597706396487620638
13312 1597706396498200849
13824 1597706396508784096
14336 1597706396519364862
14848 1597706396529949795
15360 1597706396540526783
15872 1597706396551106568
16384 1597706396561689742
16896 1597706396572274397
17408 1597706396582852626
17920 1597706396593434466
18432 1597706396604013362
18944 1597706396614597350
19456 1597706396625180579
19968 1597706396635885455
20480 1597706396646341834
20992 1597706396656922674
21504 1597706396667501681
22016 1597706396678083873
22528 1597706396688663824
23040 1597706396699244220
23552 1597706396709825227
24064 1597706396720413086
24576 1597706396730987352
25088 1597706396741570266
25600 1597706396752152088
26112 1597706396762732521
26624 1597706396773312028
27136 1597706396783896979
27648 1597706396794478338
28160 1597706396805060678
28672 1597706396815662851
29184 1597706396826223321
29696 1597706396836836161
30208 1597706396847382243
30720 1597706396857963046
31232 1597706396868546479
31744 1597706396879127615
32256 1597706396889750158
32768 1597706396900322406
33280 1597706396910868506
33792 1597706396921451328
34304 1597706396932031983
34816 1597706396942605990
35328 1597706396953195923
35840 1597706396963773911
36352 1597706396974355159
36864 1597706396984940110
37376 1597706396995526746
37888 1597706397006104624
38400 1597706397016690353
38912 1597706397027349155
39424 1597706397037845182
39936 1597706397048427522
40448 1597706397059007214
40960 1597706397069588147
41472 1597706397080172432
41984 1597706397090774475
42496 1597706397101330908
43008 1597706397111913138
43520 1597706397122532959
44032 1597706397133104058
44544 1597706397143657658
45056 1597706397154280257
45568 1597706397164819265
46080 1597706397175403531
46592 1597706397185983297
47104 1597706397196564193
47616 1597706397207146978
0 1597706397228723337
512 1597706397238850481
1024 1597706397249429228
1536 1597706397260012235
2048 1597706397270592427
2560 1597706397281170434
3072 1597706397291791496
3584 1597706397302336504
4096 1597706397312916529
4608 1597706397323596831
5120 1597706397334124153
5632 1597706397344701068
6144 1597706397355316426
6656 1597706397365856915
7168 1597706397376448292
7680 1597706397387021522
8192 1597706397397604621
8704 1597706397408176887
9216 1597706397418803857
9728 1597706397429360679
10240 1597706397439923686
10752 1597706397450504526
11264 1597706397461089052
11776 1597706397471679225
12288 1597706397482408508
12800 1597706397492834795
13312 1597706397503450968
13824 1597706397513990438
14336 1597706397524588278
14848 1597706397535179100
15360 1597706397545744996
15872 1597706397556361428
16384 1597706397566932695
16896 1597706397577483813
17408 1597706397588070968
17920 1597706397598638679
18432 1597706397609224167
18944 1597706397619865488
19456 1597706397630390329
19968 1597706397640943855
20480 1597706397651514084
20992 1597706397662094443
21504 1597706397672676543
22016 1597706397683320030
22528 1597706397693834131
23040 1597706397704417656
23552 1597706397714996867
24064 1597706397725582577
24576 1597706397736184491
25088 1597706397746791016
25600 1597706397757366227
26112 1597706397767937216
26624 1597706397778526186
27136 1597706397789101896
27648 1597706397799719958
28160 1597706397810274243
28672 1597706397820847047
29184 1597706397831436924
29696 1597706397842011172
30208 1597706397852594790
30720 1597706397863172537
31232 1597706397873887394
31744 1597706397884342477
32256 1597706397894920910
32768 1597706397905501010
33280 1597706397916087072
33792 1597706397926664931
34304 1597706397937264215
34816 1597706397947826500
35328 1597706397958419377
35840 1597706397968979533
36352 1597706397979568669
36864 1597706397990144676
37376 1597706398000736090
37888 1597706398011316171
38400 1597706398021886734
38912 1597706398032472556
39424 1597706398043093266
39936 1597706398053645218
40448 1597706398064266724
40960 1597706398074837583
41472 1597706398085387609
41984 1597706398095968227
42496 1597706398106548605
43008 1597706398117153611
43520 1597706398127708896
44032 1597706398138340180
44544 1597706398148866096
45056 1597706398159446880
45568 1597706398170031850
46080 1597706398180608339
46592 1597706398191191661
47104 1597706398201770649
47616 1597706398212353619
0 1597706398233545447
512 1597706398244619188
1024 1597706398254651203
1536 1597706398265319894
2048 1597706398275802384
2560 1597706398286382705
3072 1597706398296963638
3584 1597706398307544590
4096 1597706398318124689
4608 1597706398328706826
5120 1597706398339286203
5632 1597706398349925117
6144 1597706398360498254
6656 1597706398371076631
7168 1597706398381659453
7680 1597706398392240330
8192 1597706398402818967
8704 1597706398413399177
9216 1597706398423980351
9728 1597706398434565525
10240 1597706398445145254
10752 1597706398455727002
11264 1597706398466320619
11776 1597706398476888219
12288 1597706398487473208
12800 1597706398498065881
13312 1597706398508632277
13824 1597706398519213821
14336 1597706398529833679
14848 1597706398540376391
15360 1597706398550960620
15872 1597706398561541460
16384 1597706398572118597
16896 1597706398582701289
17408 1597706398593280574
17920 1597706398603858266
18432 1597706398614446125
18944 1597706398625027484
19456 1597706398635612361
19968 1597706398646192868
20480 1597706398656810411
20992 1597706398667350160
21504 1597706398677931963
22016 1597706398688514674
22528 1597706398699097069
23040 1597706398709754927
23552 1597706398720409377
24064 1597706398730856183
24576 1597706398741419449
25088 1597706398752000827
25600 1597706398762579167
26112 1597706398773161452
26624 1597706398783742607
27136 1597706398794330780
27648 1597706398804907880
28160 1597706398815488220
28672 1597706398826071875
29184 1597706398836651716
29696 1597706398847231001
30208 1597706398857829489
30720 1597706398868393218
31232 1597706398878978114
31744 1597706398889557010
32256 1597706398900139406
32768 1597706398910721894
33280 1597706398921351067
33792 1597706398931881149
34304 1597706398942461619
34816 1597706398953043811
35328 1597706398963623262
35840 1597706398974217640
36352 1597706398984789128
36864 1597706398995371024
37376 1597706399005952753
37888 1597706399016528057
38400 1597706399027153730
38912 1597706399037695274
39424 1597706399048275170
39936 1597706399058879047
40448 1597706399069437314
40960 1597706399080020006
41472 1597706399090598532
41984 1597706399101181539
42496 1597706399111880174
43008 1597706399122345645
43520 1597706399132925301
44032 1597706399143512067
44544 1597706399154084444
45056 1597706399164669711
45568 1597706399175251069
46080 1597706399185836724
46592 1597706399196414287
47104 1597706399206993702
47616 1597706399217573468
0 1597706399238761685
512 1597706399249318026
1024 1597706399259901163
1536 1597706399270450133
2048 1597706399281026307
2560 1597706399291600888
3072 1597706399302187969
3584 1597706399312803198
4096 1597706399323343354
4608 1597706399333925361
5120 1597706399344510793
5632 1597706399355088726
6144 1597706399365768158
6656 1597706399376368720
7168 1597706399386872414
7680 1597706399397455032
8192 1597706399408027965
8704 1597706399418611453
9216 1597706399429196979
9728 1597706399439782726
10240 1597706399450354956
10752 1597706399460938907
11264 1597706399471529488
11776 1597706399482102792
12288 1597706399492687169
12800 1597706399503349138
13312 1597706399513877423
13824 1597706399524426005
14336 1597706399535004197
14848 1597706399545595704
15360 1597706399556167174
15872 1597706399566746329
16384 1597706399577332614
16896 1597706399587908917
17408 1597706399598492813
17920 1597706399609075709
18432 1597706399619651698
18944 1597706399630239260
19456 1597706399640816878
19968 1597706399651395200
20480 1597706399662006744
20992 1597706399672586103
21504 1597706399683139333
22016 1597706399693755709
22528 1597706399704302606
23040 1597706399714880409
23552 1597706399725466305
24064 1597706399736046016
24576 1597706399746633060
25088 1597706399757209826
25600 1597706399767787741
26112 1597706399778411599
26624 1597706399788967421
27136 1597706399799542391
27648 1597706399810124565
28160 1597706399820702905
28672 1597706399831283208
29184 1597706399841882437
29696 1597706399852447908
30208 1597706399863028230
30720 1597706399873612755
31232 1597706399884192966
31744 1597706399894777047
32256 1597706399905357443
32768 1597706399915935802
33280 1597706399947691063
33792 1597706399958262459
34304 1597706399968842152
34816 1597706399979425140
35328 1597706399990005240
35840 1597706400000585950
36352 1597706400011166532
36864 1597706400021763020
37376 1597706400032327601
37888 1597706400042908812
38400 1597706400053489819
38912 1597706400064074678
39424 1597706400074653759
39936 1597706400085237637
40448 1597706400095815958
40960 1597706400106400206
41472 1597706400116977010
41984 1597706400127560183
42496 1597706400138141561
43008 1597706400148719161
43520 1597706400159303908
44032 1597706400169884101
44544 1597706400180499718
45056 1597706400191056466
45568 1597706400201622418
46080 1597706400212206610
46592 1597706400222784506
47104 1597706400233364532
47616 1597706400243950780
