0 1597706424760589957
512 1597706424771090651
1024 1597706424781663067
1536 1597706424792243742
2048 1597706424802831120
2560 1597706424813415665
3072 1597706424823998062
3584 1597706424834571274
4096 1597706424845148412
4608 1597706424855761808
5120 1597706424866314632
5632 1597706424876895343
6144 1597706424887476537
6656 1597706424898056693
7168 1597706424908637757
7680 1597706424919272523
8192 1597706424929803699
8704 1597706424940381688
9216 1597706424950969696
9728 1597706424961548371
10240 1597706424972130231
10752 1597706424982708461
11264 1597706424993289766
11776 1597706425003868626
12288 1597706425014450189
12800 1597706425025032475
13312 1597706425035613613
13824 1597706425046196417
14336 1597706425056776518
14848 1597706425067355193
15360 1597706425077937534
15872 1597706425088518968
16384 1597706425099100736
16896 1597706425109813927
17408 1597706425120266696
17920 1597706425130843723
18432 1597706425141428898
18944 1597706425152009406
19456 1597706425162586988
19968 1597706425173171496
20480 1597706425183749912
20992 1597706425194332679
21504 1597706425204914965
22016 1597706425215493307
22528 1597706425226077741
23040 1597706425236660101
23552 1597706425247237831
24064 1597706425257818413
24576 1597706425268402051
25088 1597706425278980207
25600 1597706425289561327
26112 1597706425300142779
26624 1597706425310759472
27136 1597706425321305129
27648 1597706425331888841
28160 1597706425342467201
28672 1597706425353060894
29184 1597706425363639476
29696 1597706425374212725
30208 1597706425384793455
30720 1597706425395375426
31232 1597706425405956120
31744 1597706425416536295
32256 1597706425427119136
32768 1597706425437698255
33280 1597706425448280060
33792 1597706425458936789
34304 1597706425469562611
34816 1597706425480146156
35328 1597706425490724942
35840 1597706425501349857
36352 1597706425511884236
36864 1597706425522471726
37376 1597706425533053864
37888 1597706425543634909
38400 1597706425554244102
38912 1597706425564972385
39424 1597706425575392414
39936 1597706425585967089
40448 1597706425596546523
40960 1597706425607133346
41472 1597706425617705966
41984 1597706425628291011
42496 1597706425638867038
43008 1597706425649450731
43520 1597706425660032980
44032 1597706425670611617
44544 1597706425681198403
45056 1597706425691774152
45568 1597706425702376475
46080 1597706425712934409
46592 1597706425723516769
47104 1597706425734100685
47616 1597706425744682137
0 1597706425767416611
512 1597706425776386885
1024 1597706425786963893
1536 1597706425797543401
2048 1597706425808127224
2560 1597706425818706676
3072 1597706425829286999
3584 1597706425839870304
4096 1597706425850449849
4608 1597706425861034264
5120 1597706425871653846
5632 1597706425882234095
6144 1597706425892821992
6656 1597706425903396389
7168 1597706425913981860
7680 1597706425924560831
8192 1597706425935146728
8704 1597706425945723014
9216 1597706425956422632
9728 1597706425966883827
10240 1597706425977466335
10752 1597706425988047121
11264 1597706425998626370
11776 1597706426009210229
12288 1597706426019789775
12800 1597706426030369394
13312 1597706426040954791
13824 1597706426051533577
14336 1597706426062114715
14848 1597706426072696686
15360 1597706426083275268
15872 1597706426093860924
16384 1597706426104443396
16896 1597706426115019922
17408 1597706426125604949
17920 1597706426136187790
18432 1597706426146766169
18944 1597706426157374399
19456 1597706426167927556
19968 1597706426178507842
20480 1597706426189090165
20992 1597706426199707691
21504 1597706426210256885
22016 1597706426220859300
22528 1597706426231419438
23040 1597706426241998243
23552 1597706426252578640
24064 1597706426263158222
24576 1597706426273738693
25088 1597706426284323312
25600 1597706426294905358
26112 1597706426305486032
26624 1597706426316068041
27136 1597706426326647160
27648 1597706426337226594
28160 1597706426347886082
28672 1597706426358391592
29184 1597706426368971081
29696 1597706426379550756
30208 1597706426390132857
30720 1597706426400717421
31232 1597706426411319095
31744 1597706426421876159
32256 1597706426432456334
32768 1597706426443042527
33280 1597706426453618332
33792 1597706426464209692
34304 1597706426474786645
34816 1597706426485367134
35328 1597706426495947420
35840 1597706426506527891
36352 1597706426517105696
36864 1597706426527687019
37376 1597706426538268731
37888 1597706426548864479
38400 1597706426559429062
38912 1597706426570021977
39424 1597706426580592486
39936 1597706426591176235
40448 1597706426601754187
40960 1597706426612395694
41472 1597706426622917629
41984 1597706426633498341
42496 1597706426644080312
43008 1597706426654666321
43520 1597706426665242514
44032 1597706426675826004
44544 1597706426686408567
45056 1597706426696990094
45568 1597706426707566806
46080 1597706426718149092
46592 1597706426728731378
47104 1597706426739349589
47616 1597706426749896413
0 1597706426771086984
512 1597706426781638548
1024 1597706426792181872
1536 1597706426802919470
2048 1597706426813340129
2560 1597706426823927785
3072 1597706426834509812
3584 1597706426845086283
4096 1597706426855671680
4608 1597706426866252188
5120 1597706426876831345
5632 1597706426888973181
6144 1597706426898036786
6656 1597706426908612720
7168 1597706426919194932
7680 1597706426929773274
8192 1597706426940368782
8704 1597706426950938642
9216 1597706426961517447
9728 1597706426972099344
10240 1597706426982685981
10752 1597706426993264267
11264 1597706427003882460
11776 1597706427014425061
12288 1597706427025003848
12800 1597706427035589559
13312 1597706427046170605
13824 1597706427056751280
14336 1597706427067329788
14848 1597706427077911944
15360 1597706427088492063
15872 1597706427099074609
16384 1597706427109654876
16896 1597706427120239366
17408 1597706427130817800
17920 1597706427141398419
18432 1597706427151979576
18944 1597706427162560454
19456 1597706427173140870
19968 1597706427183722193
20480 1597706427194449310
20992 1597706427204897617
21504 1597706427215471292
22016 1597706427226050892
22528 1597706427236631604
23040 1597706427247211335
23552 1597706427257791750
24064 1597706427268370203
24576 1597706427278953434
25088 1597706427289535090
25600 1597706427300122839
26112 1597706427310697699
26624 1597706427321279503
27136 1597706427331858826
27648 1597706427342445131
28160 1597706427353031121
28672 1597706427363604684
29184 1597706427374185619
29696 1597706427384774664
30208 1597706427395377727
30720 1597706427405932069
31232 1597706427416509948
31744 1597706427427095289
32256 1597706427437672649
32768 1597706427448252046
33280 1597706427458866369
33792 1597706427469418229
34304 1597706427479999515
34816 1597706427490584098
35328 1597706427501160402
35840 1597706427511739855
36352 1597706427522326993
36864 1597706427532901186
37376 1597706427543485361
37888 1597706427554065721
38400 1597706427564646303
38912 1597706427575230645
39424 1597706427585885245
39936 1597706427596389198
40448 1597706427606978040
40960 1597706427617556326
41472 1597706427628132390
41984 1597706427638714972
42496 1597706427649327758
43008 1597706427659877192
43520 1597706427670457645
44032 1597706427681047912
44544 1597706427691620439
45056 1597706427702206243
45568 1597706427712783178
46080 1597706427723362593
46592 1597706427733951342
47104 1597706427744530536
47616 1597706427755110914
0 1597706427776300875
512 1597706427786887346
1024 1597706427797434021
1536 1597706427808018955
2048 1597706427818558186
2560 1597706427829136898
3072 1597706427839723629
3584 1597706427850329303
4096 1597706427860881552
4608 1597706427871460116
5120 1597706427882040754
5632 1597706427892624522
6144 1597706427903206067
6656 1597706427913933277
7168 1597706427924415231
7680 1597706427934995517
8192 1597706427945576099
8704 1597706427956154144
9216 1597706427966744708
9728 1597706427977363123
10240 1597706427987895706
10752 1597706427998478511
11264 1597706428009058259
11776 1597706428019640694
12288 1597706428030221517
12800 1597706428040947393
13312 1597706428051384237
13824 1597706428061962282
14336 1597706428072543976
14848 1597706428083126039
15360 1597706428093706344
15872 1597706428104321074
16384 1597706428114871527
16896 1597706428125453739
17408 1597706428136039007
17920 1597706428146616441
18432 1597706428157195227
18944 1597706428167776550
19456 1597706428178368632
19968 1597706428188939881
20480 1597706428199518038
20992 1597706428210100527
21504 1597706428220685147
22016 1597706428231265859
22528 1597706428241886385
23040 1597706428252426209
23552 1597706428263006513
24064 1597706428273587447
24576 1597706428284170696
25088 1597706428294753723
25600 1597706428305334954
26112 1597706428315913277
26624 1597706428326524099
27136 1597706428337075423
27648 1597706428347657376
28160 1597706428358238513
28672 1597706428368823429
29184 1597706428379401993
29696 1597706428389983057
30208 1597706428400561991
30720 1597706428411144962
31232 1597706428421725804
31744 1597706428432417570
32256 1597706428442887709
32768 1597706428453468014
33280 1597706428464055133
33792 1597706428474634456
34304 1597706428485216298
34816 1597706428495798454
35328 1597706428506376851
35840 1597706428516953934
36352 1597706428527536071
36864 1597706428538121950
37376 1597706428548699477
37888 1597706428559280133
38400 1597706428569861123
38912 1597706428580441965
39424 1597706428591023251
39936 1597706428601607425
40448 1597706428612187008
40960 1597706428622766664
41472 1597706428633415727
41984 1597706428643931107
42496 1597706428654513485
43008 1597706428665097364
43520 1597706428675675372
44032 1597706428686260084
44544 1597706428696865055
45056 1597706428707417767
45568 1597706428717998868
46080 1597706428728581858
46592 1597706428739164977
47104 1597706428749748263
47616 1597706428760324475
0 1597706428781512306
512 1597706428792068185
1024 1597706428802648601
1536 1597706428813228961
2048 1597706428823885857
2560 1597706428834393811
3072 1597706428846505815
3584 1597706428855518124
4096 1597706428866098836
4608 1597706428876678530
5120 1597706428887261538
5632 1597706428897839176
6144 1597706428908421128
6656 1597706428919001340
7168 1597706428929581571
7680 1597706428940163635
8192 1597706428950787365
8704 1597706428961368077
9216 1597706428971947751
9728 1597706428982531204
10240 1597706428993110527
10752 1597706429003691406
11264 1597706429014336561
11776 1597706429024880052
12288 1597706429035437449
12800 1597706429046018420
13312 1597706429056594762
13824 1597706429067174363
14336 1597706429077754668
14848 1597706429088382249
15360 1597706429098911740
15872 1597706429109499748
16384 1597706429120084867
16896 1597706429130663061
17408 1597706429141242143
17920 1597706429151822911
18432 1597706429162404679
18944 1597706429172988446
19456 1597706429183571788
19968 1597706429194153666
20480 1597706429204738563
20992 1597706429215351423
21504 1597706429225897469
22016 1597706429236476718
22528 1597706429247073004
23040 1597706429257632661
23552 1597706429268219576
24064 1597706429278945434
24576 1597706429289376371
25088 1597706429299963231
25600 1597706429310542147
26112 1597706429321122062
26624 1597706429331703552
27136 1597706429342294264
27648 1597706429352920475
28160 1597706429363453151
28672 1597706429374031604
29184 1597706429384616742
29696 1597706429395199824
30208 1597706429405773147
30720 1597706429416363766
31232 1597706429426943960
31744 1597706429437514709
32256 1597706429448096662
32768 1597706429458676985
33280 1597706429469258604
33792 1597706429479901408
34304 1597706429490425936
34816 1597706429501006629
35328 1597706429511585730
35840 1597706429522165220
36352 1597706429532755043
36864 1597706429543334088
37376 1597706429553945263
37888 1597706429564498327
38400 1597706429575080502
38912 1597706429585660733
39424 1597706429596242815
39936 1597706429606835286
40448 1597706429617397146
40960 1597706429627983655
41472 1597706429638557385
41984 1597706429649138782
42496 1597706429659738253
43008 1597706429670422001
43520 1597706429680891789
44032 1597706429691466001
44544 1597706429702047398
45056 1597706429712627554
45568 1597706429723216359
46080 1597706429733836293
46592 1597706429744384412
47104 1597706429754954976
47616 1597706429765544022
0 1597706429786726853
512 1597706429797284343
1024 1597706429807870425
1536 1597706429818441045
2048 1597706429829032275
2560 1597706429839601543
3072 1597706429850183477
3584 1597706429862288314
4096 1597706429871360327
4608 1597706429881893040
5120 1597706429892473122
5632 1597706429903056278
6144 1597706429913638268
6656 1597706429924256461
7168 1597706429934811173
7680 1597706429945381645
8192 1597706429955962616
8704 1597706429966589050
9216 1597706429987746955
9728 1597706429998328519
10240 1597706430008907379
10752 1597706430019487851
11264 1597706430030073451
11776 1597706430040649663
12288 1597706430051234468
12800 1597706430061888346
13312 1597706430072393059
13824 1597706430082977567
14336 1597706430093555650
14848 1597706430104139602
15360 1597706430114722814
15872 1597706430125379118
16384 1597706430135883035
16896 1597706430146463821
17408 1597706430157044181
17920 1597706430167632097
18432 1597706430178229383
18944 1597706430188786114
19456 1597706430199365844
19968 1597706430209953649
20480 1597706430220541435
20992 1597706430231118480
21504 1597706430241696914
22016 1597706430252278052
22528 1597706430262908856
23040 1597706430273438847
23552 1597706430284020374
24064 1597706430294604401
24576 1597706430305184446
25088 1597706430315767806
25600 1597706430326400610
26112 1597706430336927267
26624 1597706430347506442
27136 1597706430358089562
27648 1597706430368668811
28160 1597706430379255004
28672 1597706430389833753
29184 1597706430400412114
29696 1597706430410998326
30208 1597706430421575445
30720 1597706430432161361
31232 1597706430442738147
31744 1597706430453349099
32256 1597706430463900275
32768 1597706430474484672
33280 1597706430485068680
33792 1597706430495648448
34304 1597706430506232993
34816 1597706430516946277
35328 1597706430527387306
35840 1597706430537969203
36352 1597706430548545545
36864 1597706430559135961
37376 1597706430569740747
37888 1597706430580294126
38400 1597706430590874690
38912 1597706430601454457
39424 1597706430612036466
39936 1597706430622617900
40448 1597706430633197112
40960 1597706430643781824
41472 1597706430654366999
41984 1597706430664944081
42496 1597706430675524960
43008 1597706430686106191
43520 1597706430696687051
44032 1597706430707266059
44544 1597706430717896011
45056 1597706430728429317
45568 1597706430739014843
46080 1597706430749593129
46592 1597706430760174730
47104 1597706430770755868
47616 1597706430781342080
0 1597706430802528078
512 1597706430813080957
1024 1597706430823659706
1536 1597706430834285788
2048 1597706430844836723
2560 1597706430855409324
3072 1597706430865989295
3584 1597706430876567618
4096 1597706430887116109
4608 1597706430897693765
5120 1597706430908398938
5632 1597706430918850819
6144 1597706430929433216
6656 1597706430940013188
7168 1597706430950595955
7680 1597706430961175093
8192 1597706430971755546
8704 1597706430983911771
9216 1597706430992959636
9728 1597706431003545293
10240 1597706431014122412
10752 1597706431024710420
11264 1597706431035288151
11776 1597706431045867919
12288 1597706431056455408
12800 1597706431067028435
13312 1597706431077607907
13824 1597706431088190619
14336 1597706431098772016
14848 1597706431109379320
15360 1597706431119936477
15872 1597706431130518430
16384 1597706431141096716
16896 1597706431151679651
17408 1597706431162261344
17920 1597706431172839408
18432 1597706431183420602
18944 1597706431194006832
19456 1597706431204586211
19968 1597706431215168812
20480 1597706431225750654
20992 1597706431236338329
21504 1597706431246906596
22016 1597706431257489068
22528 1597706431268071465
23040 1597706431278651084
23552 1597706431289233704
24064 1597706431299884230
24576 1597706431310394943
25088 1597706431320977211
25600 1597706431331561163
26112 1597706431342138338
26624 1597706431352728143
27136 1597706431363377336
27648 1597706431373881327
28160 1597706431384466835
28672 1597706431395048788
29184 1597706431405629389
29696 1597706431416211601
30208 1597706431426790905
30720 1597706431437372932
31232 1597706431447949922
31744 1597706431458533023
32256 1597706431469112420
32768 1597706431479731373
33280 1597706431490278678
33792 1597706431500875149
34304 1597706431511436787
34816 1597706431522018685
35328 1597706431532599397
35840 1597706431543181053
36352 1597706431553763339
36864 1597706431564386643
37376 1597706431574933356
37888 1597706431585507290
38400 1597706431596090336
38912 1597706431606674177
39424 1597706431617251982
39936 1597706431627830250
40448 1597706431638412240
40960 1597706431648994193
41472 1597706431659574127
41984 1597706431670157598
42496 1597706431680737218
43008 1597706431691348837
43520 1597706431701899457
44032 1597706431712481039
44544 1597706431723064973
45056 1597706431733650074
45568 1597706431744267156
46080 1597706431754946033
46592 1597706431765392303
47104 1597706431775972145
47616 1597706431786553098
0 1597706431807708152
512 1597706431818258549
1024 1597706431828838817
1536 1597706431839417566
2048 1597706431849998889
2560 1597706431860584490
3072 1597706431871160573
3584 1597706431881741674
4096 1597706431892344848
4608 1597706431902936690
5120 1597706431913526624
5632 1597706431924104873
6144 1597706431934690474
6656 1597706431945272205
7168 1597706431955902564
7680 1597706431966433499
8192 1597706431977017471
8704 1597706431987594757
9216 1597706431998178173
9728 1597706432008758588
10240 1597706432019342004
10752 1597706432029919124
11264 1597706432040501021
11776 1597706432051080937
12288 1597706432061662186
12800 1597706432072242991
13312 1597706432082827907
13824 1597706432093407341
14336 1597706432103988849
14848 1597706432114573561
15360 1597706432125153551
15872 1597706432135732634
16384 1597706432146422604
16896 1597706432156895466
17408 1597706432167475363
17920 1597706432178059464
18432 1597706432188641380
18944 1597706432199219851
19456 1597706432209800767
19968 1597706432220381127
20480 1597706432230962191
20992 1597706432241544681
21504 1597706432252127523
22016 1597706432262705809
22528 1597706432273286836
23040 1597706432283875011
23552 1597706432294451353
24064 1597706432305033861
24576 1597706432315618351
25088 1597706432326196026
25600 1597706432336778423
26112 1597706432347375783
26624 1597706432357939311
27136 1597706432368518152
27648 1597706432379100513
28160 1597706432389721946
28672 1597706432400266678
29184 1597706432410862741
29696 1597706432421426454
30208 1597706432432010647
30720 1597706432442586656
31232 1597706432453167535
31744 1597706432463750876
32256 1597706432474334477
32768 1597706432484915875
33280 1597706432495497420
33792 1597706432506077317
34304 1597706432516686288
34816 1597706432527237612
35328 1597706432537886101
35840 1597706432548403499
36352 1597706432558981452
36864 1597706432569561257
37376 1597706432580146080
37888 1597706432590722903
38400 1597706432601388762
38912 1597706432611887328
39424 1597706432622470132
39936 1597706432633045085
40448 1597706432643632334
40960 1597706432654243194
41472 1597706432664795444
41984 1597706432675375711
42496 1597706432685959664
43008 1597706432696537080
43520 1597706432707116663
44032 1597706432717697893
44544 1597706432728278383
45056 1597706432738885150
45568 1597706432749443641
46080 1597706432760023964
46592 1597706432770606009
47104 1597706432781184536
47616 1597706432791765934
0 1597706432812958987
512 1597706432823513051
1024 1597706432834052172
1536 1597706432844635106
2048 1597706432855217244
2560 1597706432865798252
3072 1597706432876379372
3584 1597706432886957380
4096 1597706432897538481
4608 1597706432908121082
5120 1597706432918710720
5632 1597706432929913608
6144 1597706432939905329
6656 1597706432950487134
7168 1597706432961066642
7680 1597706432971646688
8192 1597706432982232455
8704 1597706432992957277
9216 1597706433003391769
9728 1597706433013973851
10240 1597706433024586285
10752 1597706433035138312
11264 1597706433045721728
11776 1597706433056300922
12288 1597706433066879042
12800 1597706433077458495
13312 1597706433088041355
13824 1597706433098623160
14336 1597706433109208446
14848 1597706433119784602
15360 1597706433130374463
15872 1597706433140948749
16384 1597706433151531072
16896 1597706433162108655
17408 1597706433172690219
17920 1597706433183272412
18432 1597706433193901920
18944 1597706433204435596
19456 1597706433215018067
19968 1597706433225600465
20480 1597706433236185084
20992 1597706433246763482
21504 1597706433257353620
22016 1597706433267925128
22528 1597706433278508951
23040 1597706433289086867
23552 1597706433299752041
24064 1597706433310272273
24576 1597706433320849059
25088 1597706433331404327
25600 1597706433341985910
26112 1597706433352604195
26624 1597706433363155612
27136 1597706433373736046
27648 1597706433384428720
28160 1597706433394909433
28672 1597706433405480460
29184 1597706433416062099
29696 1597706433426643440
30208 1597706433437273041
30720 1597706433447833383
31232 1597706433458408910
31744 1597706433468988437
32256 1597706433479578667
32768 1597706433490157639
33280 1597706433500735351
33792 1597706433511318082
34304 1597706433521895738
34816 1597706433532511617
35328 1597706433543059755
35840 1597706433553640597
36352 1597706433564227976
36864 1597706433574807058
37376 1597706433585400993
37888 1597706433595969038
38400 1597706433606551028
38912 1597706433617127481
39424 1597706433627708490
39936 1597706433638292294
40448 1597706433648895099
40960 1597706433659452719
41472 1597706433670034746
41984 1597706433680613939
42496 1597706433691195244
43008 1597706433701776864
43520 1597706433712357168
44032 1597706433722937529
44544 1597706433733520704
45056 1597706433744103879
45568 1597706433754685110
46080 1597706433765266840
46592 1597706433775905181
47104 1597706433786431320
47616 1597706433797009458
0 1597706433818200567
512 1597706433828750910
1024 1597706433840964912
1536 1597706433849866835
2048 1597706433860451139
2560 1597706433871033611
3072 1597706433881610471
3584 1597706433892193276
4096 1597706433902772173
4608 1597706433913354015
5120 1597706433923937227
5632 1597706433934517069
6144 1597706433945150040
6656 1597706433955728919
7168 1597706433966311001
7680 1597706433976908639
8192 1597706433987449481
8704 1597706433998027212
9216 1597706434008609443
9728 1597706434019189636
10240 1597706434029769830
10752 1597706434040405819
11264 1597706434050934217
11776 1597706434061513300
12288 1597706434072090975
12800 1597706434082677595
13312 1597706434093259659
13824 1597706434103838834
14336 1597706434114425361
14848 1597706434125003258
15360 1597706434135584897
15872 1597706434146170090
16384 1597706434156748488
16896 1597706434167349700
17408 1597706434177908579
17920 1597706434188487643
18432 1597706434199069151
18944 1597706434209656197
19456 1597706434220233798
19968 1597706434230949156
20480 1597706434241393352
20992 1597706434251975194
21504 1597706434262558980
22016 1597706434273137285
22528 1597706434283719349
23040 1597706434294328302
23552 1597706434304883514
24064 1597706434315465708
24576 1597706434326053994
25088 1597706434336627817
25600 1597706434347211585
26112 1597706434357792575
26624 1597706434368369269
27136 1597706434378948888
27648 1597706434389531712
28160 1597706434400112442
28672 1597706434410693488
29184 1597706434421274997
29696 1597706434431909356
30208 1597706434442437310
30720 1597706434453023633
31232 1597706434463598290
31744 1597706434474181428
32256 1597706434484766122
32768 1597706434495363093
33280 1597706434505926361
33792 1597706434516507814
34304 1597706434527085156
34816 1597706434537672664
35328 1597706434548248654
35840 1597706434558833792
36352 1597706434569411116
36864 1597706434579995068
37376 1597706434590575855
37888 1597706434601154771
38400 1597706434611735853
38912 1597706434622424527
39424 1597706434632900833
39936 1597706434643479008
40448 1597706434654060998
40960 1597706434664644562
41472 1597706434675226163
41984 1597706434685810746
42496 1597706434696394625
43008 1597706434706963578
43520 1597706434717552216
44032 1597706434728128817
44544 1597706434738713622
45056 1597706434749292556
45568 1597706434759875713
46080 1597706434770456055
46592 1597706434781037915
47104 1597706434791616757
47616 1597706434802197784
0 1597706434823442707
512 1597706434833944161
1024 1597706434844531966
1536 1597706434856642211
2048 1597706434865650484
2560 1597706434876227437
3072 1597706434886825834
3584 1597706434897387880
4096 1597706434907971370
4608 1597706434918550804
5120 1597706434929135127
5632 1597706434939717562
6144 1597706434950293070
6656 1597706434960916671
7168 1597706434971501346
7680 1597706434992666530
8192 1597706435003245483
8704 1597706435013885472
9216 1597706435024410703
9728 1597706435034990971
10240 1597706435045570332
10752 1597706435056150451
11264 1597706435066731682
11776 1597706435077395319
12288 1597706435087891903
12800 1597706435098475448
13312 1597706435109052994
13824 1597706435119638225
14336 1597706435130217233
14848 1597706435140796594
15360 1597706435151380973
15872 1597706435161959944
16384 1597706435172539582
16896 1597706435183120776
17408 1597706435193703340
17920 1597706435204317700
18432 1597706435214889653
18944 1597706435225451403
19456 1597706435236038319
19968 1597706435246611309
20480 1597706435257195002
20992 1597706435267771529
21504 1597706435278397000
22016 1597706435288937787
22528 1597706435299514759
23040 1597706435310099471
23552 1597706435320676702
24064 1597706435331259414
24576 1597706435341843626
25088 1597706435352476412
25600 1597706435363007106
26112 1597706435373584652
26624 1597706435384165012
27136 1597706435394751039
27648 1597706435405350029
28160 1597706435415911112
28672 1597706435426492695
29184 1597706435437071907
29696 1597706435447652267
30208 1597706435458234998
30720 1597706435468960653
31232 1597706435479397737
31744 1597706435489980653
32256 1597706435500564847
32768 1597706435511143800
33280 1597706435521719438
33792 1597706435532299965
34304 1597706435542882178
34816 1597706435553469779
35328 1597706435564044658
35840 1597706435574629111
36352 1597706435585209619
36864 1597706435595794072
37376 1597706435606376247
37888 1597706435616956941
38400 1597706435627532338
38912 1597706435638113180
39424 1597706435648692244
39936 1597706435659276105
40448 1597706435669892242
40960 1597706435680437381
41472 1597706435691019742
41984 1597706435701601695
42496 1597706435712181222
43008 1597706435722764675
43520 1597706435733380423
44032 1597706435743928303
44544 1597706435754510015
45056 1597706435765090820
45568 1597706435775676606
46080 1597706435786254281
46592 1597706435796835771
47104 1597706435807416317
47616 1597706435817996085
0 1597706435839182879
512 1597706435849744851
1024 1597706435860445358
1536 1597706435870860369
2048 1597706435881445600
2560 1597706435892022812
3072 1597706435902603932
3584 1597706435913189644
4096 1597706435923769560
4608 1597706435934348605
5120 1597706435944931151
5632 1597706435955515567
6144 1597706435967669663
6656 1597706435976718528
7168 1597706435987294759
7680 1597706435997874304
8192 1597706436008457498
8704 1597706436019040525
9216 1597706436029619663
9728 1597706436040203542
10240 1597706436050782088
10752 1597706436061381596
11264 1597706436071944660
11776 1597706436082524095
12288 1597706436093107326
12800 1597706436103688853
13312 1597706436114340249
13824 1597706436124884666
14336 1597706436135434823
14848 1597706436146015480
15360 1597706436156600099
15872 1597706436167174830
16384 1597706436177759246
16896 1597706436188337884
17408 1597706436198918449
17920 1597706436209500865
18432 1597706436220087706
18944 1597706436230663048
19456 1597706436241244538
19968 1597706436251886546
20480 1597706436262405852
20992 1597706436272985638
21504 1597706436283568388
22016 1597706436294147933
22528 1597706436304732127
23040 1597706436315381190
23552 1597706436325898977
24064 1597706436336478856
24576 1597706436347053976
25088 1597706436357638318
25600 1597706436368219216
26112 1597706436378803150
26624 1597706436389379529
27136 1597706436399965408
27648 1597706436410541491
28160 1597706436421124240
28672 1597706436431707489
29184 1597706436442284683
29696 1597706436452885284
30208 1597706436463477441
30720 1597706436474032598
31232 1597706436484614884
31744 1597706436495195522
32256 1597706436505776475
32768 1597706436516406853
33280 1597706436526934418
33792 1597706436537517594
34304 1597706436548100565
34816 1597706436558680037
35328 1597706436569260379
35840 1597706436579839776
36352 1597706436590422211
36864 1597706436601002812
37376 1597706436611585506
37888 1597706436622170903
38400 1597706436632747208
38912 1597706436643349031
39424 1597706436653914725
39936 1597706436664493474
40448 1597706436675074390
40960 1597706436685658880
41472 1597706436696237611
41984 1597706436706961377
42496 1597706436717401443
43008 1597706436727979489
43520 1597706436738563201
44032 1597706436749143450
44544 1597706436759728422
45056 1597706436770305857
45568 1597706436780886106
46080 1597706436791468355
46592 1597706436802055178
47104 1597706436812631761
47616 1597706436823211548
0 1597706436844403361
512 1597706436854967184
1024 1597706436865543082
1536 1597706436876263459
2048 1597706436886663396
2560 1597706436897240830
3072 1597706436907872653
3584 1597706436918404940
4096 1597706436928985486
4608 1597706436939564976
5120 1597706436950146892
5632 1597706436960726493
6144 1597706436971307113
6656 1597706436982533371
7168 1597706436992513981
7680 1597706437003092193
8192 1597706437013673758
8704 1597706437024288544
9216 1597706437034845367
9728 1597706437045420358
10240 1597706437056001348
10752 1597706437066584486
11264 1597706437077187661
11776 1597706437087743707
12288 1597706437098424844
12800 1597706437108908928
13312 1597706437119489029
13824 1597706437130072501
14336 1597706437140651694
14848 1597706437151230036
15360 1597706437161813063
15872 1597706437172396054
16384 1597706437182972618
16896 1597706437193553441
17408 1597706437204139209
17920 1597706437214719458
18432 1597706437225309430
18944 1597706437235882031
19456 1597706437246463725
19968 1597706437257044641
20480 1597706437267621687
20992 1597706437278206769
21504 1597706437288786371
22016 1597706437299378583
22528 1597706437309948814
23040 1597706437320531100
23552 1597706437331111609
24064 1597706437341691247
24576 1597706437352273645
25088 1597706437362882764
25600 1597706437373434180
26112 1597706437384015745
26624 1597706437394598790
27136 1597706437405181540
27648 1597706437415762067
28160 1597706437426344890
28672 1597706437436922288
29184 1597706437447508000
29696 1597706437458083212
30208 1597706437468665480
30720 1597706437479247489
31232 1597706437489891034
31744 1597706437500407951
32256 1597706437510989941
32768 1597706437521572264
33280 1597706437532151995
33792 1597706437542732207
34304 1597706437553396067
34816 1597706437563895817
35328 1597706437574479252
35840 1597706437585086130
36352 1597706437595642213
36864 1597706437606224092
37376 1597706437616807508
37888 1597706437627381684
38400 1597706437637964822
38912 1597706437648545645
39424 1597706437659127339
39936 1597706437669747199
40448 1597706437680289097
40960 1597706437690892291
41472 1597706437701450726
41984 1597706437712035049
42496 1597706437722635835
43008 1597706437733197788
43520 1597706437743779964
44032 1597706437754411212
44544 1597706437764941481
45056 1597706437775523212
45568 1597706437786104757
46080 1597706437796686748
46592 1597706437807266108
47104 1597706437817844635
47616 1597706437828427014
0 1597706437849618364
512 1597706437860177596
1024 1597706437870751530
1536 1597706437881355298
2048 1597706437891912492
2560 1597706437902455260
3072 1597706437913039713
3584 1597706437923616092
4096 1597706437934227230
4608 1597706437944922663
5120 1597706437955364415
5632 1597706437965944238
6144 1597706437976527376
6656 1597706437987106644
7168 1597706437999255000
7680 1597706438008310439
8192 1597706438018888392
8704 1597706438029469234
9216 1597706438040056668
9728 1597706438050632307
10240 1597706438061211426
10752 1597706438071793176
11264 1597706438082372925
11776 1597706438092956915
12288 1597706438103539776
12800 1597706438114122118
13312 1597706438124704645
13824 1597706438135284339
14336 1597706438145906680
14848 1597706438156447726
15360 1597706438167028180
15872 1597706438177610188
16384 1597706438188188290
16896 1597706438198768650
17408 1597706438209372158
17920 1597706438219937427
18432 1597706438230515380
18944 1597706438241095722
19456 1597706438251679897
19968 1597706438262258980
20480 1597706438272839377
20992 1597706438283417738
21504 1597706438293998747
22016 1597706438304584644
22528 1597706438315164431
23040 1597706438325746810
23552 1597706438336424409
24064 1597706438346905697
24576 1597706438357494039
25088 1597706438368069178
25600 1597706438378649353
26112 1597706438389234232
26624 1597706438399823648
27136 1597706438410393231
27648 1597706438420974091
28160 1597706438431557211
28672 1597706438442138034
29184 1597706438452717302
29696 1597706438463299589
30208 1597706438473881690
30720 1597706438484465199
31232 1597706438495045689
31744 1597706438505632901
32256 1597706438516210484
32768 1597706438526789752
33280 1597706438537380131
33792 1597706438547951991
34304 1597706438558530611
34816 1597706438569110879
35328 1597706438579721424
35840 1597706438590273582
36352 1597706438600872109
36864 1597706438611436821
37376 1597706438622016663
37888 1597706438632605542
38400 1597706438643178181
38912 1597706438653759837
39424 1597706438664343865
39936 1597706438674924466
40448 1597706438685507030
40960 1597706438696087594
41472 1597706438706668770
41984 1597706438717250278
42496 1597706438727891397
43008 1597706438738419462
43520 1597706438748993045
44032 1597706438759580368
44544 1597706438770158896
45056 1597706438780736034
45568 1597706438791405782
46080 1597706438801899570
46592 1597706438812485467
47104 1597706438823063180
47616 1597706438833643911
0 1597706438854836298
512 1597706438865389937
1024 1597706438875969445
1536 1597706438886550991
2048 1597706438897131037
2560 1597706438907711842
3072 1597706438918670604
3584 1597706438928855285
4096 1597706438939418442
4608 1597706438949996895
5120 1597706438960580423
5632 1597706438971158987
6144 1597706438981743273
6656 1597706438992370503
7168 1597706439002901217
7680 1597706439013587020
8192 1597706439024108307
8704 1597706439034688353
9216 1597706439045270362
9728 1597706439055850963
10240 1597706439066432416
10752 1597706439077014388
11264 1597706439087592545
11776 1597706439098173535
12288 1597706439108756025
12800 1597706439119354385
13312 1597706439129917580
13824 1597706439140504736
14336 1597706439151078504
14848 1597706439161660791
15360 1597706439172241244
15872 1597706439182963084
16384 1597706439193402650
16896 1597706439203987900
17408 1597706439214568723
17920 1597706439225152454
18432 1597706439235732889
18944 1597706439246312305
19456 1597706439256892814
19968 1597706439267476508
20480 1597706439278054035
20992 1597706439288638747
21504 1597706439299220274
22016 1597706439309797783
22528 1597706439320383014
23040 1597706439330960838
23552 1597706439341541328
24064 1597706439352121985
24576 1597706439362704919
25088 1597706439373284039
25600 1597706439383905177
26112 1597706439394450834
26624 1597706439405031232
27136 1597706439415613611
27648 1597706439426193416
28160 1597706439436772314
28672 1597706439447372415
29184 1597706439457932812
29696 1597706439468516099
30208 1597706439479098015
30720 1597706439489717523
31232 1597706439500265347
31744 1597706439510840856
32256 1597706439521427346
32768 1597706439532001744
33280 1597706439542583364
33792 1597706439553164928
34304 1597706439563745159
34816 1597706439574425222
35328 1597706439584911787
35840 1597706439595491981
36352 1597706439606075434
36864 1597706439616656091
37376 1597706439627264933
37888 1597706439637819590
38400 1597706439648396525
38912 1597706439658979663
39424 1597706439669557635
39936 1597706439680142291
40448 1597706439690720171
40960 1597706439701304364
41472 1597706439711881836
41984 1597706439722466363
42496 1597706439733048168
43008 1597706439743628788
43520 1597706439754225500
44032 1597706439764798972
44544 1597706439775397295
45056 1597706439785957638
45568 1597706439796537906
46080 1597706439807120063
46592 1597706439817696682
47104 1597706439828277228
47616 1597706439838891125
0 1597706439860054383
512 1597706439870604022
1024 1597706439881184290
1536 1597706439891764540
2048 1597706439902346308
2560 1597706439912925983
3072 1597706439923517825
3584 1597706439934072297
4096 1597706439944631510
4608 1597706439955214722
5120 1597706439965861934
5632 1597706439976378554
6144 1597706439986962544
6656 1597706440008124210
7168 1597706440018700015
7680 1597706440029349634
8192 1597706440039895310
8704 1597706440050481948
9216 1597706440061065587
9728 1597706440071644577
10240 1597706440082231289
10752 1597706440092804150
11264 1597706440103392640
11776 1597706440113970927
12288 1597706440124553972
12800 1597706440135134444
13312 1597706440145714823
13824 1597706440156300998
14336 1597706440166890822
14848 1597706440177460072
15360 1597706440188039951
15872 1597706440198618200
16384 1597706440209199857
16896 1597706440219782440
17408 1597706440230406467
17920 1597706440240947772
18432 1597706440251523818
18944 1597706440262103290
19456 1597706440272689798
19968 1597706440283266178
20480 1597706440293848057
20992 1597706440304431528
21504 1597706440315016019
22016 1597706440325595583
22528 1597706440336177351
23040 1597706440346759193
23552 1597706440357415515
24064 1597706440367916414
24576 1597706440378499090
25088 1597706440389081784
25600 1597706440399747587
26112 1597706440410245468
26624 1597706440420952641
27136 1597706440431405578
27648 1597706440441984846
28160 1597706440452567873
28672 1597706440463147734
29184 1597706440473730372
29696 1597706440484316918
30208 1597706440494896482
30720 1597706440505476639
31232 1597706440516058648
31744 1597706440526638416
32256 1597706440537222573
32768 1597706440547798396
33280 1597706440558388497
33792 1597706440568965877
34304 1597706440579544237
34816 1597706440590127265
35328 1597706440600702866
35840 1597706440611285449
36352 1597706440621907105
36864 1597706440632448837
37376 1597706440643028382
37888 1597706440653608021
38400 1597706440664201659
38912 1597706440674776446
39424 1597706440685376898
39936 1597706440695937574
40448 1597706440706517731
40960 1597706440717097555
41472 1597706440727686878
41984 1597706440738263443
42496 1597706440748844507
43008 1597706440759423238
43520 1597706440770007691
44032 1597706440780586533
44544 1597706440791167246
45056 1597706440801751995
45568 1597706440812426132
46080 1597706440822910975
46592 1597706440833491762
47104 1597706440844078641
47616 1597706440854658224
0 1597706440875822334
512 1597706440886362362
1024 1597706440896940778
1536 1597706440907526657
2048 1597706440918101407
2560 1597706440928684952
3072 1597706440939263480
3584 1597706440949852155
4096 1597706440960525311
4608 1597706440971050302
5120 1597706440981633292
5632 1597706440992218134
6144 1597706441002790791
6656 1597706441013391170
7168 1597706441023955494
7680 1597706441034537002
8192 1597706441045119085
8704 1597706441055699520
9216 1597706441066281399
9728 1597706441076876630
10240 1597706441087441139
10752 1597706441098021537
11264 1597706441108605953
11776 1597706441119186443
12288 1597706441129765618
12800 1597706441140347942
13312 1597706441150928229
13824 1597706441161510256
14336 1597706441172095598
14848 1597706441182671292
15360 1597706441193251782
15872 1597706441203887179
16384 1597706441214416874
16896 1597706441225002920
17408 1597706441235581743
17920 1597706441246161400
18432 1597706441256742150
18944 1597706441267483545
19456 1597706441277901760
19968 1597706441288483621
20480 1597706441299071240
20992 1597706441309647434
21504 1597706441320234980
22016 1597706441330810508
22528 1597706441341389905
23040 1597706441351970451
23552 1597706441362554738
24064 1597706441373134543
24576 1597706441383713903
25088 1597706441394328986
25600 1597706441404895995
26112 1597706441415460800
26624 1597706441426052920
27136 1597706441436622021
27648 1597706441447201901
28160 1597706441457782206
28672 1597706441468401029
29184 1597706441478951408
29696 1597706441489527639
30208 1597706441500109944
30720 1597706441510689453
31232 1597706441521269573
31744 1597706441531850286
32256 1597706441542432665
32768 1597706441553012933
33280 1597706441563596108
33792 1597706441574179358
34304 1597706441584759848
34816 1597706441595349801
35328 1597706441605923032
35840 1597706441616505448
36352 1597706441627084772
36864 1597706441637666188
37376 1597706441648243679
37888 1597706441658960426
38400 1597706441669406363
38912 1597706441679989668
39424 1597706441690572677
39936 1597706441701152222
40448 1597706441711731435
40960 1597706441722323499
41472 1597706441732895212
41984 1597706441743480665
42496 1597706441754056655
43008 1597706441764643849
43520 1597706441775223747
44032 1597706441785803385
44544 1597706441796384542
45056 1597706441806967977
45568 1597706441817546764
46080 1597706441828126476
46592 1597706441838707670
47104 1597706441849289568
47616 1597706441859911724
0 1597706441881017835
512 1597706441891572881
1024 1597706441902154390
1536 1597706441912736973
2048 1597706441923319315
2560 1597706441933898861
3072 1597706441944482592
3584 1597706441955064471
4096 1597706441965644850
4608 1597706441976245544
5120 1597706441986875626
5632 1597706441997429246
6144 1597706442008008699
6656 1597706442018589949
7168 1597706442029170550
7680 1597706442039754930
8192 1597706442050426770
8704 1597706442060913744
9216 1597706442071502160
9728 1597706442082080909
10240 1597706442092657289
10752 1597706442103240038
11264 1597706442113841713
11776 1597706442124402741
12288 1597706442134985213
12800 1597706442145571295
13312 1597706442156146397
13824 1597706442166731109
14336 1597706442177309841
14848 1597706442187889701
15360 1597706442198474599
15872 1597706442209051645
16384 1597706442219633968
16896 1597706442230218440
17408 1597706442240796097
17920 1597706442251398587
18432 1597706442261955300
18944 1597706442272538327
19456 1597706442283119225
19968 1597706442293701827
20480 1597706442304312113
20992 1597706442314897362
21504 1597706442325447946
22016 1597706442336030640
22528 1597706442346611297
23040 1597706442357194824
23552 1597706442367772444
24064 1597706442378349916
24576 1597706442388932887
25088 1597706442399514100
25600 1597706442410097368
26112 1597706442420677099
26624 1597706442431257886
27136 1597706442441889172
27648 1597706442452422774
28160 1597706442462999671
28672 1597706442473582828
29184 1597706442484161282
29696 1597706442494746494
30208 1597706442505480075
30720 1597706442515907790
31232 1597706442526490817
31744 1597706442537072344
32256 1597706442547649390
32768 1597706442558233195
33280 1597706442568815093
33792 1597706442579397639
34304 1597706442589976833
34816 1597706442600555268
35328 1597706442611138036
35840 1597706442621717952
36352 1597706442632298720
36864 1597706442642900377
37376 1597706442653464534
37888 1597706442664041450
38400 1597706442674626922
38912 1597706442685211949
39424 1597706442695789291
39936 1597706442706439855
40448 1597706442716949476
40960 1597706442727534874
41472 1597706442738117308
41984 1597706442748695873
42496 1597706442759275252
43008 1597706442769858131
43520 1597706442780438066
44032 1597706442791020315
44544 1597706442801601546
45056 1597706442812181259
45568 1597706442822761212
46080 1597706442833352665
46592 1597706442843928730
47104 1597706442854509609
47616 1597706442865090988
0 1597706442886278709
512 1597706442898465509
1024 1597706442907373543
1536 1597706442917956422
2048 1597706442928534005
2560 1597706442939115643
3072 1597706442949726429
3584 1597706442960278105
4096 1597706442970863836
4608 1597706442981441975
5120 1597706442992023521
5632 1597706443004164543
6144 1597706443013226945
6656 1597706443023806454
7168 1597706443034417074
7680 1597706443044970972
8192 1597706443055551369
8704 1597706443066132489
9216 1597706443076726702
9728 1597706443087292081
10240 1597706443097916219
10752 1597706443108452210
11264 1597706443119029756
11776 1597706443129623543
12288 1597706443140197237
12800 1597706443150776005
13312 1597706443161376884
13824 1597706443171937874
14336 1597706443182519569
14848 1597706443193098966
15360 1597706443203716030
15872 1597706443214348798
16384 1597706443224889492
16896 1597706443235460409
17408 1597706443246039955
17920 1597706443256621167
18432 1597706443267203898
18944 1597706443277783315
19456 1597706443288446359
19968 1597706443298943740
20480 1597706443309527378
20992 1597706443320103665
21504 1597706443330683470
22016 1597706443341279775
22528 1597706443351875802
23040 1597706443362431608
23552 1597706443373011802
24064 1597706443383590644
24576 1597706443394171560
25088 1597706443404759439
25600 1597706443415336596
26112 1597706443425917550
26624 1597706443436498651
27136 1597706443447077919
27648 1597706443457657688
28160 1597706443468235900
28672 1597706443478830390
29184 1597706443489422418
29696 1597706443499986223
30208 1597706443510569621
30720 1597706443521145648
31232 1597706443531725453
31744 1597706443542309499
32256 1597706443552910304
32768 1597706443563471702
33280 1597706443574054081
33792 1597706443584645201
34304 1597706443595231451
34816 1597706443605803441
35328 1597706443616381376
35840 1597706443626962274
36352 1597706443637537931
36864 1597706443648118255
37376 1597706443658699856
37888 1597706443669282032
38400 1597706443679910484
38912 1597706443690447364
39424 1597706443701025558
39936 1597706443711606308
40448 1597706443722213983
40960 1597706443732774770
41472 1597706443743505869
41984 1597706443753935325
42496 1597706443764518889
43008 1597706443775102361
43520 1597706443785680740
44032 1597706443796262916
44544 1597706443806844350
45056 1597706443817424656
45568 1597706443828002239
46080 1597706443838582414
46592 1597706443849164275
47104 1597706443859754506
47616 1597706443870328311
0 1597706443891519995
512 1597706443902073912
1024 1597706443914185490
1536 1597706443923189208
2048 1597706443933768402
2560 1597706443944408965
3072 1597706443954933586
3584 1597706443965518484
4096 1597706443976097548
4608 1597706443986680946
5120 1597706443997256918
5632 1597706444007838094
6144 1597706444018468694
6656 1597706444029047389
7168 1597706444039626397
7680 1597706444050210999
8192 1597706444060791897
8704 1597706444071374702
9216 1597706444081953192
9728 1597706444092533553
10240 1597706444103114562
10752 1597706444113699071
11264 1597706444124316764
11776 1597706444134984013
12288 1597706444145448857
12800 1597706444156024421
13312 1597706444166605430
13824 1597706444177187384
14336 1597706444187766707
14848 1597706444198345105
15360 1597706444208927984
15872 1597706444219507234
16384 1597706444230092891
16896 1597706444240672252
17408 1597706444251259075
17920 1597706444261831473
18432 1597706444272412797
18944 1597706444282993769
19456 1597706444293573871
19968 1597706444304155713
20480 1597706444314738222
20992 1597706444325327582
21504 1597706444335925887
22016 1597706444346487396
22528 1597706444357064979
23040 1597706444367648544
23552 1597706444378227701
24064 1597706444388809728
24576 1597706444399405552
25088 1597706444409969987
25600 1597706444420549533
26112 1597706444431134449
26624 1597706444441716217
27136 1597706444452293763
27648 1597706444462877013
28160 1597706444473456392
28672 1597706444484037475
29184 1597706444494621317
29696 1597706444505197863
30208 1597706444515784280
30720 1597706444526445084
31232 1597706444536942094
31744 1597706444547526603
32256 1597706444558108852
32768 1597706444568688139
33280 1597706444579269944
33792 1597706444589876231
34304 1597706444600434814
34816 1597706444611012101
35328 1597706444621593721
35840 1597706444632175415
36352 1597706444642756553
36864 1597706444653336599
37376 1597706444663899738
37888 1597706444674480062
38400 1597706444685060145
38912 1597706444695641209
39424 1597706444706225718
39936 1597706444716804634
40448 1597706444727447439
40960 1597706444737972597
41472 1597706444748533198
41984 1597706444759119429
42496 1597706444769773771
43008 1597706444780286966
43520 1597706444790861290
44032 1597706444801444891
44544 1597706444812028418
45056 1597706444822638316
45568 1597706444833195029
46080 1597706444843776408
46592 1597706444854360065
47104 1597706444864941018
47616 1597706444875521601
