0 1597706312155372778
512 1597706312165849375
1024 1597706312176424452
1536 1597706312187002159
2048 1597706312197605199
2560 1597706312208174257
3072 1597706312218750038
3584 1597706312229436206
4096 1597706312239960043
4608 1597706312250532250
5120 1597706312261118845
5632 1597706312271697811
6144 1597706312282281351
6656 1597706312292859687
7168 1597706312303441134
7680 1597706312314022452
8192 1597706312324662565
8704 1597706312335243476
9216 1597706312345822108
9728 1597706312356396074
10240 1597706312366974244
10752 1597706312377558265
11264 1597706312388272321
11776 1597706312398717919
12288 1597706312409297014
12800 1597706312419879758
13312 1597706312430459872
13824 1597706312441040634
14336 1597706312451622007
14848 1597706312462201103
15360 1597706312472786772
15872 1597706312483364979
16384 1597706312493946797
16896 1597706312504530855
17408 1597706312515111858
17920 1597706312525698527
18432 1597706312536272993
18944 1597706312546854367
19456 1597706312557434647
19968 1597706312568013891
20480 1597706312578594690
20992 1597706312589211785
21504 1597706312599760937
22016 1597706312610336606
22528 1597706312620922424
23040 1597706312631499279
23552 1597706312642081226
24064 1597706312652661432
24576 1597706312663243287
25088 1597706312673824457
25600 1597706312684409830
26112 1597706312694991851
26624 1597706312705570891
27136 1597706312716148616
27648 1597706312726732397
28160 1597706312737345918
28672 1597706312747899366
29184 1597706312758473517
29696 1597706312769063927
30208 1597706312779756391
30720 1597706312790221451
31232 1597706312800801436
31744 1597706312811382735
32256 1597706312821970145
32768 1597706312832551111
33280 1597706312843125503
33792 1597706312853708172
34304 1597706312864323360
34816 1597706312874873771
35328 1597706312885455792
35840 1597706312896035017
36352 1597706312906614372
36864 1597706312917193560
37376 1597706312927778989
37888 1597706312938354973
38400 1597706312948938383
38912 1597706312959537108
39424 1597706312970105963
39936 1597706312980704318
40448 1597706312991259987
40960 1597706313001844287
41472 1597706313012425956
41984 1597706313023008144
42496 1597706313033586832
43008 1597706313044192113
43520 1597706313054753283
44032 1597706313065331471
44544 1597706313075920048
45056 1597706313086514310
45568 1597706313097076757
46080 1597706313107655890
46592 1597706313118238597
47104 1597706313128822155
47616 1597706313139402658
0 1597706313160550108
512 1597706313171189166
1024 1597706313181685448
1536 1597706313192262821
2048 1597706313202846380
2560 1597706313213425809
3072 1597706313224010497
3584 1597706313234602463
4096 1597706313245179780
4608 1597706313255864559
5120 1597706313266378656
5632 1597706313276957455
6144 1597706313287539588
6656 1597706313298116276
7168 1597706313308701760
7680 1597706313319278393
8192 1597706313329860581
8704 1597706313340440640
9216 1597706313351027235
9728 1597706313361608053
10240 1597706313372211018
10752 1597706313382771244
11264 1597706313393348358
11776 1597706313403926824
12288 1597706313414517253
12800 1597706313425092848
13312 1597706313435733313
13824 1597706313446255817
14336 1597706313456837542
14848 1597706313467416767
15360 1597706313477999252
15872 1597706313488578051
16384 1597706313499161443
16896 1597706313509744168
17408 1597706313520322615
17920 1597706313530905785
18432 1597706313541485566
18944 1597706313552066031
19456 1597706313562679015
19968 1597706313573227426
20480 1597706313583807096
20992 1597706313594390765
21504 1597706313604977194
22016 1597706313615558864
22528 1597706313626274439
23040 1597706313636720425
23552 1597706313647299965
24064 1597706313657882616
24576 1597706313668458675
25088 1597706313679042381
25600 1597706313689620014
26112 1597706313700204739
26624 1597706313710784983
27136 1597706313721362652
27648 1597706313731945007
28160 1597706313742530140
28672 1597706313753108272
29184 1597706313763694868
29696 1597706313774304555
30208 1597706313784859725
30720 1597706313795438191
31232 1597706313806016102
31744 1597706313816597956
32256 1597706313827216551
32768 1597706313837762314
33280 1597706313848340799
33792 1597706313858924320
34304 1597706313869502434
34816 1597706313880082548
35328 1597706313890665718
35840 1597706313901247350
36352 1597706313911825650
36864 1597706313922407689
37376 1597706313932989007
37888 1597706313943569010
38400 1597706313954153402
38912 1597706313964763497
39424 1597706313975323130
39936 1597706313985899374
40448 1597706313996476025
40960 1597706314007061620
41472 1597706314017750862
41984 1597706314028220793
42496 1597706314038802555
43008 1597706314049386706
43520 1597706314059965709
44032 1597706314070544990
44544 1597706314081127308
45056 1597706314091707311
45568 1597706314102287610
46080 1597706314112914631
46592 1597706314123454579
47104 1597706314134036175
47616 1597706314144616844
0 1597706314165950607
512 1597706314176326520
1024 1597706314186908690
1536 1597706314197482378
2048 1597706314208063548
2560 1597706314218689550
3072 1597706314229221591
3584 1597706314239806057
4096 1597706314250388912
4608 1597706314260966729
5120 1597706314273147745
5632 1597706314282198845
6144 1597706314292751071
6656 1597706314303333056
7168 1597706314313913781
7680 1597706314324496506
8192 1597706314335078250
8704 1597706314345661493
9216 1597706314356242089
9728 1597706314366820129
10240 1597706314377406947
10752 1597706314387980616
11264 1597706314398564156
11776 1597706314409211029
12288 1597706314419732403
12800 1597706314430304591
13312 1597706314440888983
13824 1597706314451471708
14336 1597706314462052730
14848 1597706314472704232
15360 1597706314483221347
15872 1597706314493789998
16384 1597706314504380223
16896 1597706314514958152
17408 1597706314525541137
17920 1597706314536121251
18432 1597706314546700624
18944 1597706314557281979
19456 1597706314567868482
19968 1597706314578445429
20480 1597706314589025729
20992 1597706314599606232
21504 1597706314610208401
22016 1597706314620769608
22528 1597706314631351203
23040 1597706314641937725
23552 1597706314652513821
24064 1597706314663095842
24576 1597706314673813695
25088 1597706314684299792
25600 1597706314694840999
26112 1597706314705426076
26624 1597706314716002283
27136 1597706314726585712
27648 1597706314737164733
28160 1597706314747749607
28672 1597706314758325721
29184 1597706314768909575
29696 1597706314779490523
30208 1597706314811232736
30720 1597706314821817794
31232 1597706314832396667
31744 1597706314842975541
32256 1597706314853555673
32768 1597706314864324155
33280 1597706314874724494
33792 1597706314885301553
34304 1597706314895882722
34816 1597706314906462688
35328 1597706314917045562
35840 1597706314927625454
36352 1597706314938203938
36864 1597706314948789274
37376 1597706314959407443
37888 1597706314969947910
38400 1597706314980527894
38912 1597706314991110749
39424 1597706315001697697
39936 1597706315012276237
40448 1597706315022853369
40960 1597706315033435872
41472 1597706315044017801
41984 1597706315054603101
42496 1597706315065221029
43008 1597706315075761125
43520 1597706315086345147
44032 1597706315096928890
44544 1597706315107507505
45056 1597706315118086989
45568 1597706315128678566
46080 1597706315139256588
46592 1597706315149830091
47104 1597706315160409112
47616 1597706315170996282
0 1597706315192174584
512 1597706315202694829
1024 1597706315213281610
1536 1597706315223857872
2048 1597706315234440931
2560 1597706315245025804
3072 1597706315255726527
3584 1597706315266179051
4096 1597706315276765109
4608 1597706315287454203
5120 1597706315297971633
5632 1597706315308547821
6144 1597706315319130195
6656 1597706315329824844
7168 1597706315340294423
7680 1597706315350872315
8192 1597706315361457300
8704 1597706315372041451
9216 1597706315382621583
9728 1597706315393197142
10240 1597706315403779941
10752 1597706315414361685
11264 1597706315424947910
11776 1597706315435524024
12288 1597706315446108065
12800 1597706315456703623
13312 1597706315467267478
13824 1597706315477857814
14336 1597706315488427614
14848 1597706315499012098
15360 1597706315509589490
15872 1597706315520219770
16384 1597706315530752367
16896 1597706315541333203
17408 1597706315551914725
17920 1597706315562497931
18432 1597706315573077916
18944 1597706315583660400
19456 1597706315594305106
19968 1597706315604827425
20480 1597706315615404057
20992 1597706315625986986
21504 1597706315636567360
22016 1597706315647211306
22528 1597706315657731384
23040 1597706315668311054
23552 1597706315678888798
24064 1597706315689479745
24576 1597706315700053878
25088 1597706315710714806
25600 1597706315721223736
26112 1597706315731794628
26624 1597706315742380353
27136 1597706315752957023
27648 1597706315763544081
28160 1597706315774124399
28672 1597706315784703606
29184 1597706315795312627
29696 1597706315805867945
30208 1597706315816449708
30720 1597706315827030137
31232 1597706315837613028
31744 1597706315848220142
32256 1597706315858769738
32768 1597706315869352630
33280 1597706315879932522
33792 1597706315890514710
34304 1597706315901094584
34816 1597706315911718327
35328 1597706315922256275
35840 1597706315932839315
36352 1597706315943419300
36864 1597706315954002784
37376 1597706315964585639
37888 1597706315975165790
38400 1597706315985749571
38912 1597706315996334629
39424 1597706316006911558
39936 1597706316017489117
40448 1597706316028067843
40960 1597706316038675012
41472 1597706316049233034
41984 1597706316059811759
42496 1597706316070394299
43008 1597706316080974636
43520 1597706316091557046
44032 1597706316102270343
44544 1597706316112720682
45056 1597706316123299611
45568 1597706316133890077
46080 1597706316144470284
46592 1597706316155046287
47104 1597706316165629512
47616 1597706316176214256
0 1597706316197400206
512 1597706316209393132
1024 1597706316218493824
1536 1597706316229093198
2048 1597706316239695404
2560 1597706316250238037
3072 1597706316260819263
3584 1597706316271397988
4096 1597706316281979491
4608 1597706316292558235
5120 1597706316303223033
5632 1597706316315295717
6144 1597706316324352503
6656 1597706316334931265
7168 1597706316345520546
7680 1597706316356090123
8192 1597706316366701792
8704 1597706316377260500
9216 1597706316387835892
9728 1597706316398412469
10240 1597706316408994102
10752 1597706316419573864
11264 1597706316430162311
11776 1597706316440738852
12288 1597706316451318632
12800 1597706316461901061
13312 1597706316472481046
13824 1597706316483066327
14336 1597706316493778902
14848 1597706316504266610
15360 1597706316514808781
15872 1597706316525391413
16384 1597706316535971601
16896 1597706316546555660
17408 1597706316557134200
17920 1597706316567714111
18432 1597706316578292577
18944 1597706316588879154
19456 1597706316599456564
19968 1597706316610044938
20480 1597706316620620645
20992 1597706316631200314
21504 1597706316641779947
22016 1597706316652361635
22528 1597706316662941842
23040 1597706316673524512
23552 1597706316684104737
24064 1597706316694717092
24576 1597706316705271540
25088 1597706316715880413
25600 1597706316726432916
26112 1597706316737025123
26624 1597706316747597200
27136 1597706316758193018
27648 1597706316768753206
28160 1597706316779336839
28672 1597706316789918287
29184 1597706316800500401
29696 1597706316811077978
30208 1597706316821661351
30720 1597706316832240262
31232 1597706316842823154
31744 1597706316853407583
32256 1597706316863984234
32768 1597706316874570108
33280 1597706316885212517
33792 1597706316895734114
34304 1597706316906318524
34816 1597706316916892287
35328 1597706316927474938
35840 1597706316938054348
36352 1597706316948637370
36864 1597706316959215429
37376 1597706316969806913
37888 1597706316980378101
38400 1597706316990958827
38912 1597706317001540737
39424 1597706317012132110
39936 1597706317022709503
40448 1597706317033285413
40960 1597706317043866620
41472 1597706317054450142
41984 1597706317065034237
42496 1597706317075613185
43008 1597706317086211540
43520 1597706317096779562
44032 1597706317107355417
44544 1597706317117939364
45056 1597706317128518812
45568 1597706317139100574
46080 1597706317149814779
46592 1597706317160266025
47104 1597706317170843491
47616 1597706317181422235
0 1597706317202614222
512 1597706317213171615
1024 1597706317223751358
1536 1597706317234291844
2048 1597706317244875921
2560 1597706317255454887
3072 1597706317266038483
3584 1597706317276649874
4096 1597706317287200674
4608 1597706317297780399
5120 1597706317308358903
5632 1597706317318940054
6144 1597706317331091570
6656 1597706317340288391
7168 1597706317350720674
7680 1597706317361304658
8192 1597706317371890273
8704 1597706317382472350
9216 1597706317393048279
9728 1597706317403632838
10240 1597706317414249396
10752 1597706317424794881
11264 1597706317435379532
11776 1597706317445955850
12288 1597706317456536650
12800 1597706317467116394
13312 1597706317477700304
13824 1597706317488279418
14336 1597706317498860347
14848 1597706317509440239
15360 1597706317520022039
15872 1597706317530603283
16384 1597706317541229618
16896 1597706317551768919
17408 1597706317562347681
17920 1597706317572935795
18432 1597706317583510984
18944 1597706317594092561
19456 1597706317604698026
19968 1597706317615297307
20480 1597706317625839274
20992 1597706317636419703
21504 1597706317647000428
22016 1597706317657581950
22528 1597706317668170453
23040 1597706317678743123
23552 1597706317689323256
24064 1597706317699905481
24576 1597706317710486095
25088 1597706317721070265
25600 1597706317731750155
26112 1597706317742228882
26624 1597706317752811793
27136 1597706317763391852
27648 1597706317773972281
28160 1597706317784557654
28672 1597706317795137880
29184 1597706317805719438
29696 1597706317816296849
30208 1597706317826882685
30720 1597706317837461670
31232 1597706317848041858
31744 1597706317858621787
32256 1597706317869204957
32768 1597706317879785701
33280 1597706317890364741
33792 1597706317900945800
34304 1597706317911527581
34816 1597706317922108158
35328 1597706317932707198
35840 1597706317943297904
36352 1597706317953855778
36864 1597706317964439430
37376 1597706317975019155
37888 1597706317985598325
38400 1597706317996211827
38912 1597706318006761201
39424 1597706318017341019
39936 1597706318027926911
40448 1597706318038502489
40960 1597706318049082733
41472 1597706318059702624
41984 1597706318070247295
42496 1597706318080826094
43008 1597706318091406412
43520 1597706318101988341
44032 1597706318112570826
44544 1597706318123214773
45056 1597706318133776369
45568 1597706318144322761
46080 1597706318154897228
46592 1597706318165486897
47104 1597706318176070326
47616 1597706318186806105
0 1597706318207835484
512 1597706318218388580
1024 1597706318228967842
1536 1597706318239547346
2048 1597706318250271476
2560 1597706318260670630
3072 1597706318271250060
3584 1597706318281830544
4096 1597706318292413677
4608 1597706318302991662
5120 1597706318313575406
5632 1597706318324174908
6144 1597706318334738967
6656 1597706318345322378
7168 1597706318357474931
7680 1597706318366520717
8192 1597706318377106813
8704 1597706318387725464
9216 1597706318398268893
9728 1597706318408848452
10240 1597706318419426641
10752 1597706318430011292
11264 1597706318440590665
11776 1597706318451169261
12288 1597706318461751505
12800 1597706318472333397
13312 1597706318482914363
13824 1597706318493498181
14336 1597706318504123573
14848 1597706318514676891
15360 1597706318525240450
15872 1597706318535824083
16384 1597706318546405142
16896 1597706318557011793
17408 1597706318567567444
17920 1597706318578287964
18432 1597706318588727284
18944 1597706318599303769
19456 1597706318609889772
19968 1597706318620469349
20480 1597706318631048075
20992 1597706318641632393
21504 1597706318652217081
22016 1597706318662795584
22528 1597706318673379476
23040 1597706318683958313
23552 1597706318694540242
24064 1597706318705122523
24576 1597706318715703026
25088 1597706318726284862
25600 1597706318736871273
26112 1597706318747450795
26624 1597706318758025020
27136 1597706318768613208
27648 1597706318779231526
28160 1597706318789769826
28672 1597706318800348959
29184 1597706318810930110
29696 1597706318821514984
30208 1597706318832094005
30720 1597706318842701879
31232 1597706318853261364
31744 1597706318863846589
32256 1597706318874423240
32768 1597706318885006632
33280 1597706318895584358
33792 1597706318906172139
34304 1597706318916741864
34816 1597706318927326756
35328 1597706318937904537
35840 1597706318948494670
36352 1597706318959066173
36864 1597706318969752286
37376 1597706318980232680
37888 1597706318990811516
38400 1597706319001393001
38912 1597706319011976152
39424 1597706319022603210
39936 1597706319033142918
40448 1597706319043717403
40960 1597706319054370960
41472 1597706319064886372
41984 1597706319075466912
42496 1597706319086047082
43008 1597706319096627493
43520 1597706319107208996
44032 1597706319117785777
44544 1597706319128378762
45056 1597706319138950228
45568 1597706319149527787
46080 1597706319160111568
46592 1597706319170706238
47104 1597706319181273667
47616 1597706319191859652
0 1597706319213041454
512 1597706319223602513
1024 1597706319234212497
1536 1597706319244763520
2048 1597706319255346856
2560 1597706319265927174
3072 1597706319276500492
3584 1597706319287048218
4096 1597706319297632740
4608 1597706319308208429
5120 1597706319318797543
5632 1597706319329375768
6144 1597706319339950624
6656 1597706319350534367
7168 1597706319361185129
7680 1597706319371783873
8192 1597706319382319914
8704 1597706319392899435
9216 1597706319403482661
9728 1597706319414061368
10240 1597706319424802480
10752 1597706319435227041
11264 1597706319445810155
11776 1597706319456388955
12288 1597706319466966032
12800 1597706319477576350
13312 1597706319488128465
13824 1597706319498714708
14336 1597706319509294952
14848 1597706319519874345
15360 1597706319530454163
15872 1597706319541035055
16384 1597706319551617632
16896 1597706319562215450
17408 1597706319572779787
17920 1597706319583361827
18432 1597706319593940867
18944 1597706319604526259
19456 1597706319615109207
19968 1597706319625735284
20480 1597706319636272102
20992 1597706319646849606
21504 1597706319657472071
22016 1597706319668014094
22528 1597706319678592134
23040 1597706319689171452
23552 1597706319699755288
24064 1597706319710334570
24576 1597706319720916314
25088 1597706319731496983
25600 1597706319742078413
26112 1597706319752709378
26624 1597706319763247030
27136 1597706319773822756
27648 1597706319784413962
28160 1597706319805567562
28672 1597706319816284007
29184 1597706319826720920
29696 1597706319837306534
30208 1597706319847891056
30720 1597706319858464652
31232 1597706319869054600
31744 1597706319879634232
32256 1597706319890241143
32768 1597706319900798739
33280 1597706319911382094
33792 1597706319921958838
34304 1597706319932538823
34816 1597706319943120307
35328 1597706319953701533
35840 1597706319964321147
36352 1597706319974875576
36864 1597706319985455617
37376 1597706319996032638
37888 1597706320006611771
38400 1597706320017229941
38912 1597706320027773167
39424 1597706320038351226
39936 1597706320048933803
40448 1597706320059512306
40960 1597706320070095476
41472 1597706320080705016
41984 1597706320091257501
42496 1597706320101839042
43008 1597706320112423137
43520 1597706320123003437
44032 1597706320133592477
44544 1597706320144166832
45056 1597706320154746595
45568 1597706320165374635
46080 1597706320175912565
46592 1597706320186493642
47104 1597706320197075682
47616 1597706320207735629
0 1597706320228841136
512 1597706320239404862
1024 1597706320249988050
1536 1597706320260560554
2048 1597706320271156594
2560 1597706320281720727
3072 1597706320292303619
3584 1597706320304416469
4096 1597706320313426552
4608 1597706320324006815
5120 1597706320334589818
5632 1597706320345174210
6144 1597706320355752436
6656 1597706320366332865
7168 1597706320376919035
7680 1597706320387495131
8192 1597706320398075468
8704 1597706320409325905
9216 1597706320419277177
9728 1597706320429857366
10240 1597706320440438462
10752 1597706320451019687
11264 1597706320461603931
11776 1597706320472219545
12288 1597706320482762716
12800 1597706320493361496
13312 1597706320503930815
13824 1597706320514511244
14336 1597706320525092562
14848 1597706320535713768
15360 1597706320546253717
15872 1597706320556834813
16384 1597706320567413853
16896 1597706320577999004
17408 1597706320588576211
17920 1597706320599214473
18432 1597706320609747273
18944 1597706320620322684
19456 1597706320630900410
19968 1597706320641480765
20480 1597706320652061213
20992 1597706320662730974
21504 1597706320673232867
22016 1597706320683806815
22528 1597706320694389577
23040 1597706320704973896
23552 1597706320715556288
24064 1597706320726135865
24576 1597706320736716054
25088 1597706320747297649
25600 1597706320757873764
26112 1597706320768458656
26624 1597706320779040770
27136 1597706320789620626
27648 1597706320800225073
28160 1597706320810786817
28672 1597706320821362358
29184 1597706320831943250
29696 1597706320842524772
30208 1597706320853106479
30720 1597706320863715296
31232 1597706320874303892
31744 1597706320884855711
32256 1597706320895434233
32768 1597706320906020939
33280 1597706320916623609
33792 1597706320927239964
34304 1597706320937759301
34816 1597706320948340656
35328 1597706320958915900
35840 1597706320969498978
36352 1597706320980081074
36864 1597706320990676243
37376 1597706321001249488
37888 1597706321011824584
38400 1597706321022405661
38912 1597706321032985775
39424 1597706321043568390
39936 1597706321054402204
40448 1597706321064735267
40960 1597706321075313770
41472 1597706321085897422
41984 1597706321096476962
42496 1597706321107059558
43008 1597706321117637821
43520 1597706321128220824
44032 1597706321138799790
44544 1597706321149380238
45056 1597706321159961445
45568 1597706321170548745
46080 1597706321181128618
46592 1597706321191710770
47104 1597706321202288051
47616 1597706321212871258
0 1597706321235675758
512 1597706321244580472
1024 1597706321255220197
1536 1597706321265737905
2048 1597706321276318353
2560 1597706321286901541
3072 1597706321297482026
3584 1597706321308070029
4096 1597706321318642736
4608 1597706321329225851
5120 1597706321339852020
5632 1597706321350427931
6144 1597706321361008860
6656 1597706321371594919
7168 1597706321382184645
7680 1597706321392749389
8192 1597706321403334892
8704 1597706321413921303
9216 1597706321424497825
9728 1597706321435082995
10240 1597706321445750608
10752 1597706321456240909
11264 1597706321466819523
11776 1597706321477404212
12288 1597706321487980530
12800 1597706321498564070
13312 1597706321509159666
13824 1597706321519730984
14336 1597706321530307080
14848 1597706321540886973
15360 1597706321551467495
15872 1597706321562048516
16384 1597706321572630538
16896 1597706321583218690
17408 1597706321593796082
17920 1597706321604376956
18432 1597706321614957700
18944 1597706321625540962
19456 1597706321636121336
19968 1597706321646707969
20480 1597706321657282324
20992 1597706321667858920
21504 1597706321678442812
22016 1597706321689066185
22528 1597706321699605171
23040 1597706321710209489
23552 1597706321720765326
24064 1597706321731347885
24576 1597706321741929573
25088 1597706321752511706
25600 1597706321763090672
26112 1597706321773677065
26624 1597706321784292975
27136 1597706321794838571
27648 1597706321805419223
28160 1597706321816038411
28672 1597706321826582470
29184 1597706321837213399
29696 1597706321847745310
30208 1597706321858322517
30720 1597706321868904743
31232 1597706321879485505
31744 1597706321890070675
32256 1597706321900804824
32768 1597706321911228441
33280 1597706321921812371
33792 1597706321932389967
34304 1597706321942970451
34816 1597706321953553307
35328 1597706321964133662
35840 1597706321974720998
36352 1597706321985300502
36864 1597706321995881283
37376 1597706322006463657
37888 1597706322017040475
38400 1597706322027624237
38912 1597706322038215852
39424 1597706322048812966
39936 1597706322059366544
40448 1597706322069947399
40960 1597706322080525310
41472 1597706322091108517
41984 1597706322101734798
42496 1597706322112271876
43008 1597706322122853935
43520 1597706322133437586
44032 1597706322144015441
44544 1597706322154604185
45056 1597706322165179670
45568 1597706322175760415
46080 1597706322186342066
46592 1597706322196924310
47104 1597706322207542591
47616 1597706322218082669
0 1597706322239271416
512 1597706322249831772
1024 1597706322260370387
1536 1597706322270947353
2048 1597706322281528208
2560 1597706322292259469
3072 1597706322302697308
3584 1597706322313280700
4096 1597706322323856129
4608 1597706322334436651
5120 1597706322345020192
5632 1597706322355713564
6144 1597706322366228383
6656 1597706322376809849
7168 1597706322387388964
7680 1597706322397970930
8192 1597706322408548841
8704 1597706322419131233
9216 1597706322429750273
9728 1597706322440290481
10240 1597706322450914539
10752 1597706322461453376
11264 1597706322472033676
11776 1597706322482613309
12288 1597706322493257571
12800 1597706322503803482
13312 1597706322514385393
13824 1597706322524966563
14336 1597706322535545752
14848 1597706322546125181
15360 1597706322556741906
15872 1597706322567285317
16384 1597706322577906042
16896 1597706322588446158
17408 1597706322599031179
17920 1597706322609611516
18432 1597706322620199575
18944 1597706322630773227
19456 1597706322641354156
19968 1597706322651933511
20480 1597706322662518237
20992 1597706322673098962
21504 1597706322683770316
22016 1597706322694294080
22528 1597706322704856509
23040 1597706322715424624
23552 1597706322726006387
24064 1597706322736588501
24576 1597706322747195152
25088 1597706322757752101
25600 1597706322768326882
26112 1597706322778911070
26624 1597706322789488944
27136 1597706322800074373
27648 1597706322810652210
28160 1597706322821233362
28672 1597706322831816254
29184 1597706322842397109
29696 1597706322852978724
30208 1597706322863558579
30720 1597706322874140508
31232 1597706322884741252
31744 1597706322895305922
32256 1597706322905886481
32768 1597706322916462614
33280 1597706322927051525
33792 1597706322937632214
34304 1597706322948240809
34816 1597706322958789054
35328 1597706322969369391
35840 1597706322979955579
36352 1597706322990533064
36864 1597706323001114216
37376 1597706323011697108
37888 1597706323022276296
38400 1597706323032859633
38912 1597706323043440007
39424 1597706323054020492
39936 1597706323064607736
40448 1597706323075234405
40960 1597706323085765854
41472 1597706323096346043
41984 1597706323106927250
42496 1597706323117509290
43008 1597706323128090757
43520 1597706323138829184
44032 1597706323149250153
44544 1597706323159835434
45056 1597706323170414993
45568 1597706323180993644
46080 1597706323191581111
46592 1597706323202160522
47104 1597706323212738377
47616 1597706323223333158
0 1597706323244514035
512 1597706323255069779
1024 1597706323267183167
1536 1597706323276210139
2048 1597706323286766031
2560 1597706323297345979
3072 1597706323307928834
3584 1597706323318509134
4096 1597706323329087878
4608 1597706323339803639
5120 1597706323350282107
5632 1597706323360832259
6144 1597706323371465428
6656 1597706323382037654
7168 1597706323392620158
7680 1597706323403208105
8192 1597706323413781757
8704 1597706323424365909
9216 1597706323434948542
9728 1597706323445527249
10240 1597706323456113419
10752 1597706323466700237
11264 1597706323477271963
11776 1597706323487849689
12288 1597706323498430285
12800 1597706323509010770
13312 1597706323519592958
13824 1597706323530307663
14336 1597706323540760983
14848 1597706323551335691
15360 1597706323561918565
15872 1597706323572507290
16384 1597706323583086682
16896 1597706323593660667
17408 1597706323604280059
17920 1597706323614828841
18432 1597706323625414659
18944 1597706323635990126
19456 1597706323646573536
19968 1597706323657152614
20480 1597706323667732062
20992 1597706323678313417
21504 1597706323688892995
22016 1597706323699473480
22528 1597706323710057150
23040 1597706323720639135
23552 1597706323731240008
24064 1597706323741804493
24576 1597706323752381775
25088 1597706323762964204
25600 1597706323773542559
26112 1597706323784125340
26624 1597706323794739232
27136 1597706323805290995
27648 1597706323815871388
28160 1597706323826453854
28672 1597706323837035098
29184 1597706323847614417
29696 1597706323858231364
30208 1597706323868775590
30720 1597706323879356260
31232 1597706323889936875
31744 1597706323900519823
32256 1597706323911098234
32768 1597706323921769625
33280 1597706323932260685
33792 1597706323942847799
34304 1597706323953423766
34816 1597706323964005510
35328 1597706323974589439
35840 1597706323985208757
36352 1597706323995752650
36864 1597706324006336487
37376 1597706324016910157
37888 1597706324027498475
38400 1597706324038073182
38912 1597706324048654964
39424 1597706324059234208
39936 1597706324069817674
40448 1597706324080395511
40960 1597706324090980366
41472 1597706324101559351
41984 1597706324112141448
42496 1597706324122745229
43008 1597706324133305862
43520 1597706324143885180
44032 1597706324154467517
44544 1597706324165080835
45056 1597706324175638135
45568 1597706324186240564
46080 1597706324196800809
46592 1597706324207377886
47104 1597706324217955242
47616 1597706324228538560
0 1597706324249916416
512 1597706324260283274
1024 1597706324272378865
1536 1597706324281397652
2048 1597706324291977822
2560 1597706324302558048
3072 1597706324313201643
3584 1597706324323723870
4096 1597706324334306077
4608 1597706324344886118
5120 1597706324355472269
5632 1597706324366053236
6144 1597706324376848162
6656 1597706324387257483
7168 1597706324397839412
7680 1597706324408417545
8192 1597706324418998901
8704 1597706324429581700
9216 1597706324440163889
9728 1597706324450741874
10240 1597706324461328711
10752 1597706324471905196
11264 1597706324482490736
11776 1597706324493111054
12288 1597706324503648299
12800 1597706324514251469
13312 1597706324524815158
13824 1597706324535395606
14336 1597706324545977646
14848 1597706324556556668
15360 1597706324567135264
15872 1597706324577762600
16384 1597706324588299031
16896 1597706324598877941
17408 1597706324609461908
17920 1597706324620045578
18432 1597706324630629044
18944 1597706324641216140
19456 1597706324651789625
19968 1597706324662367944
20480 1597706324672946299
20992 1597706324683526543
21504 1597706324694107621
22016 1597706324704696328
22528 1597706324715271758
23040 1597706324725860113
23552 1597706324736435172
24064 1597706324747018046
24576 1597706324757599809
25088 1597706324768305218
25600 1597706324778769297
26112 1597706324789341282
26624 1597706324799926156
27136 1597706324821088274
27648 1597706324831664166
28160 1597706324842244411
28672 1597706324852826729
29184 1597706324863422121
29696 1597706324873993940
30208 1597706324884573832
30720 1597706324895153798
31232 1597706324905735024
31744 1597706324916313361
32256 1597706324926895494
32768 1597706324937480146
33280 1597706324948058538
33792 1597706324958642171
34304 1597706324969236786
34816 1597706324979798252
35328 1597706324990380848
35840 1597706325000964056
36352 1597706325011544726
36864 1597706325022126507
37376 1597706325032724899
37888 1597706325043286440
38400 1597706325053867277
38912 1597706325064453169
39424 1597706325075034265
39936 1597706325085616436
40448 1597706325096200606
40960 1597706325106776628
41472 1597706325117356169
41984 1597706325127938524
42496 1597706325138521324
43008 1597706325149101568
43520 1597706325159771200
44032 1597706325170258816
44544 1597706325180842301
45056 1597706325191429786
45568 1597706325202004012
46080 1597706325212591256
46592 1597706325223188611
47104 1597706325233752541
47616 1597706325244333285
0 1597706325265522940
512 1597706325277603069
1024 1597706325286615004
1536 1597706325297194248
2048 1597706325307774455
2560 1597706325318360329
3072 1597706325328935907
3584 1597706325339516670
4096 1597706325350097284
4608 1597706325360702621
5120 1597706325371295532
5632 1597706325381895294
6144 1597706325392468909
6656 1597706325403051079
7168 1597706325413631694
7680 1597706325424246437
8192 1597706325434795590
8704 1597706325445379038
9216 1597706325455959986
9728 1597706325466536452
10240 1597706325477145937
10752 1597706325487701941
11264 1597706325498281352
11776 1597706325508859152
12288 1597706325519442340
12800 1597706325530024029
13312 1597706325540606644
13824 1597706325551232498
14336 1597706325561766910
14848 1597706325572347043
15360 1597706325582929158
15872 1597706325593509680
16384 1597706325604091091
16896 1597706325614835592
17408 1597706325625259968
17920 1597706325635843823
18432 1597706325646418512
18944 1597706325657000294
19456 1597706325667575631
19968 1597706325678162338
20480 1597706325688739008
20992 1597706325699322734
21504 1597706325709903219
22016 1597706325720483148
22528 1597706325731064930
23040 1597706325741648544
23552 1597706325752248677
24064 1597706325762810959
24576 1597706325773393721
25088 1597706325783971132
25600 1597706325794554673
26112 1597706325805136417
26624 1597706325815763846
27136 1597706325826298980
27648 1597706325836878391
28160 1597706325847462487
28672 1597706325858040305
29184 1597706325868616624
29696 1597706325879189590
30208 1597706325889762150
30720 1597706325900343153
31232 1597706325910920583
31744 1597706325921503549
32256 1597706325932083442
32768 1597706325942672223
33280 1597706325953244393
33792 1597706325963830637
34304 1597706325974405752
34816 1597706325985002404
35328 1597706325995579889
35840 1597706326006281835
36352 1597706326016728211
36864 1597706326027323640
37376 1597706326037896607
37888 1597706326048482462
38400 1597706326059054151
38912 1597706326069634470
39424 1597706326080220455
39936 1597706326090815588
40448 1597706326101379962
40960 1597706326111966113
41472 1597706326122545673
41984 1597706326133162713
42496 1597706326143710995
43008 1597706326154316127
43520 1597706326164877983
44032 1597706326175457505
44544 1597706326186034694
45056 1597706326196673308
45568 1597706326207251089
46080 1597706326217802279
46592 1597706326228385893
47104 1597706326238963656
47616 1597706326249546382
0 1597706326270852313
512 1597706326281290485
1024 1597706326291870822
1536 1597706326302408623
2048 1597706326312989830
2560 1597706326323570834
3072 1597706326334159874
3584 1597706326344733137
4096 1597706326355319122
4608 1597706326365894200
5120 1597706326376481018
5632 1597706326387057929
6144 1597706326399321759
6656 1597706326408261603
7168 1597706326418843069
7680 1597706326429425110
8192 1597706326440008058
8704 1597706326450590765
9216 1597706326461195268
9728 1597706326471748643
10240 1597706326482331498
10752 1597706326492913002
11264 1597706326503496079
11776 1597706326514076175
12288 1597706326524658735
12800 1597706326535239238
13312 1597706326545820612
13824 1597706326556405245
14336 1597706326566980305
14848 1597706326577568401
15360 1597706326588146404
15872 1597706326598738852
16384 1597706326609308837
16896 1597706326619892026
17408 1597706326630468715
17920 1597706326641058626
18432 1597706326651633907
18944 1597706326662233096
19456 1597706326672794989
19968 1597706326683375714
20480 1597706326693984921
20992 1597706326704538166
21504 1597706326715118318
22016 1597706326725701988
22528 1597706326736284992
23040 1597706326746865236
23552 1597706326757445536
24064 1597706326768024651
24576 1597706326778605284
25088 1597706326789231713
25600 1597706326799771032
26112 1597706326810348424
26624 1597706326820929150
27136 1597706326831509968
27648 1597706326842090639
28160 1597706326852834769
28672 1597706326863255238
29184 1597706326873836464
29696 1597706326884420560
30208 1597706326895002564
30720 1597706326905581642
31232 1597706326916165275
31744 1597706326926744075
32256 1597706326937323930
32768 1597706326947907915
33280 1597706326958482456
33792 1597706326969067904
34304 1597706326979651667
34816 1597706326990244004
35328 1597706327000816730
35840 1597706327011391678
36352 1597706327022003755
36864 1597706327032556629
37376 1597706327043135189
37888 1597706327053757155
38400 1597706327064360695
38912 1597706327074880107
39424 1597706327085462259
39936 1597706327096044188
40448 1597706327106621747
40960 1597706327117225158
41472 1597706327127788458
41984 1597706327138366147
42496 1597706327148948244
43008 1597706327159527006
43520 1597706327170108992
44032 1597706327180703699
44544 1597706327191273628
45056 1597706327201856114
45568 1597706327212434710
46080 1597706327223016084
46592 1597706327233599439
47104 1597706327244340681
47616 1597706327254765150
0 1597706327275954546
512 1597706327286540661
1024 1597706327297091813
1536 1597706327307626669
2048 1597706327318204210
2560 1597706327328785473
3072 1597706327339366421
3584 1597706327349946684
4096 1597706327360528447
4608 1597706327371111302
5120 1597706327381691658
5632 1597706327392270198
6144 1597706327404425993
6656 1597706327413464094
7168 1597706327424041579
7680 1597706327434623287
8192 1597706327445233327
8704 1597706327455786923
9216 1597706327466364575
9728 1597706327476948634
10240 1597706327487528323
10752 1597706327498115216
11264 1597706327508716664
11776 1597706327519269816
12288 1597706327529857616
12800 1597706327540439416
13312 1597706327551014456
13824 1597706327561596164
14336 1597706327572183278
14848 1597706327582758875
15360 1597706327593338508
15872 1597706327603944733
16384 1597706327614509867
16896 1597706327625086482
17408 1597706327635748225
17920 1597706327646248248
18432 1597706327656828141
18944 1597706327667405756
19456 1597706327677990204
19968 1597706327688567263
20480 1597706327699153192
20992 1597706327709735252
21504 1597706327720312348
22016 1597706327730893722
22528 1597706327741473837
23040 1597706327752052766
23552 1597706327762637622
24064 1597706327773221811
24576 1597706327783830814
25088 1597706327794386225
25600 1597706327804965933
26112 1597706327815548992
26624 1597706327826126384
27136 1597706327836721832
27648 1597706327847290262
28160 1597706327857869210
28672 1597706327868449917
29184 1597706327879029477
29696 1597706327889610036
30208 1597706327900219224
30720 1597706327910774876
31232 1597706327921355621
31744 1597706327931933995
32256 1597706327942515647
32768 1597706327953097095
33280 1597706327963677987
33792 1597706327974295231
34304 1597706327984844272
34816 1597706327995427350
35328 1597706328006006983
35840 1597706328016589672
36352 1597706328027213305
36864 1597706328037759402
37376 1597706328048329628
37888 1597706328058907928
38400 1597706328069488931
38912 1597706328080074157
39424 1597706328090807159
39936 1597706328101234183
40448 1597706328111816761
40960 1597706328122402005
41472 1597706328132980213
41984 1597706328143560494
42496 1597706328154147794
43008 1597706328164725502
43520 1597706328175331857
44032 1597706328185887453
44544 1597706328196468976
45056 1597706328207048979
45568 1597706328217654390
46080 1597706328228227968
46592 1597706328238790620
47104 1597706328249375772
47616 1597706328259954664
0 1597706328281141968
512 1597706328291739008
1024 1597706328302279661
1536 1597706328312860831
2048 1597706328324989181
2560 1597706328333980395
3072 1597706328344569954
3584 1597706328355145032
4096 1597706328365728906
4608 1597706328376312391
5120 1597706328386894061
5632 1597706328397471732
6144 1597706328408053087
6656 1597706328418648035
7168 1597706328429258946
7680 1597706328439839949
8192 1597706328450417286
8704 1597706328461000290
9216 1597706328471581405
9728 1597706328482285870
10240 1597706328492740172
10752 1597706328503324379
11264 1597706328513905512
11776 1597706328524488720
12288 1597706328535073112
12800 1597706328545654709
13312 1597706328556232490
13824 1597706328566811290
14336 1597706328577399701
14848 1597706328587973612
15360 1597706328598554523
15872 1597706328609137231
16384 1597706328619722568
16896 1597706328630299683
17408 1597706328640883316
17920 1597706328651460542
18432 1597706328662041046
18944 1597706328672622642
19456 1597706328683233367
19968 1597706328693785112
20480 1597706328704367134
20992 1597706328714950286
21504 1597706328725531957
22016 1597706328736116275
22528 1597706328746729982
23040 1597706328757281449
23552 1597706328767851360
24064 1597706328778434382
24576 1597706328789015294
25088 1597706328799596575
25600 1597706328810179079
26112 1597706328820759842
26624 1597706328831337605
27136 1597706328841922553
27648 1597706328852500464
28160 1597706328863084579
28672 1597706328873746174
29184 1597706328884277511
29696 1597706328894830034
30208 1597706328905411630
30720 1597706328915987856
31232 1597706328926598545
31744 1597706328937182937
32256 1597706328947737997
32768 1597706328958311797
33280 1597706328968894449
33792 1597706328979479397
34304 1597706328990059382
34816 1597706329000638738
35328 1597706329011222593
35840 1597706329021804412
36352 1597706329032383064
36864 1597706329042964975
37376 1597706329053545182
37888 1597706329064150945
38400 1597706329074725671
38912 1597706329085291897
39424 1597706329095874864
39936 1597706329106454868
40448 1597706329117029242
40960 1597706329127617912
41472 1597706329138263600
41984 1597706329148778272
42496 1597706329159356961
43008 1597706329169941001
43520 1597706329180520098
44032 1597706329191108305
44544 1597706329201682364
45056 1597706329212265590
45568 1597706329222844613
46080 1597706329233425061
46592 1597706329244032342
47104 1597706329254592346
47616 1597706329265209238
0 1597706329286363061
512 1597706329296918231
1024 1597706329307499031
1536 1597706329318076054
2048 1597706329328807648
2560 1597706329339276894
3072 1597706329349784769
3584 1597706329360362866
4096 1597706329370943073
4608 1597706329381519577
5120 1597706329392105062
5632 1597706329402687306
6144 1597706329413265107
6656 1597706329423846129
7168 1597706329434536668
7680 1597706329445054562
8192 1597706329455636065
8704 1597706329466228236
9216 1597706329476797943
9728 1597706329487378206
10240 1597706329497959877
10752 1597706329508536047
11264 1597706329519117569
11776 1597706329529747646
12288 1597706329540281558
12800 1597706329550864729
13312 1597706329561447473
13824 1597706329572056328
14336 1597706329582608055
14848 1597706329593185447
15360 1597706329603769970
15872 1597706329614353140
16384 1597706329624937366
16896 1597706329635516259
17408 1597706329646098910
17920 1597706329656685007
18432 1597706329667256196
18944 1597706329677837996
19456 1597706329688421907
19968 1597706329699011855
20480 1597706329709580044
20992 1597706329720285787
21504 1597706329730741570
22016 1597706329741324500
22528 1597706329751907226
23040 1597706329762488600
23552 1597706329773067381
24064 1597706329783650144
24576 1597706329794267185
25088 1597706329804822411
25600 1597706329815398748
26112 1597706329836558811
26624 1597706329847135815
27136 1597706329857717782
27648 1597706329868299563
28160 1597706329878878789
28672 1597706329889460274
29184 1597706329900042241
29696 1597706329910622411
30208 1597706329921228322
30720 1597706329931783271
31232 1597706329942366330
31744 1597706329952946612
32256 1597706329963526282
32768 1597706329974112434
33280 1597706329984706993
33792 1597706329995274275
34304 1597706330005860241
34816 1597706330016437430
35328 1597706330027018342
35840 1597706330037598734
36352 1597706330048204682
36864 1597706330058758760
37376 1597706330069339190
37888 1597706330079926694
38400 1597706330090502494
38912 1597706330101084276
39424 1597706330111747778
39936 1597706330122247450
40448 1597706330132828546
40960 1597706330143412217
41472 1597706330153988517
41984 1597706330164572317
42496 1597706330175183413
43008 1597706330185739602
43520 1597706330196320865
44032 1597706330206923350
44544 1597706330217477669
45056 1597706330228057691
45568 1597706330238640547
46080 1597706330249219921
46592 1597706330259802906
47104 1597706330270385207
47616 1597706330280963618
0 1597706330302153736
512 1597706330312732703
1024 1597706330323290892
1536 1597706330333871933
2048 1597706330344455659
2560 1597706330355181272
3072 1597706330365580926
3584 1597706330376187634
4096 1597706330386738767
4608 1597706330397318142
5120 1597706330407899497
5632 1597706330418480501
6144 1597706330429063060
6656 1597706330439642972
7168 1597706330450224346
7680 1597706330462385510
8192 1597706330471426001
8704 1597706330482007431
9216 1597706330492593657
9728 1597706330503216086
10240 1597706330513750646
10752 1597706330524335890
11264 1597706330534918135
11776 1597706330545496713
12288 1597706330556078605
12800 1597706330566801218
13312 1597706330577244742
13824 1597706330587818894
14336 1597706330598400028
14848 1597706330608979439
15360 1597706330619562406
15872 1597706330630143669
16384 1597706330640726599
16896 1597706330651304788
17408 1597706330661887884
17920 1597706330672469832
18432 1597706330683048799
18944 1597706330693629543
19456 1597706330704250417
19968 1597706330714794829
20480 1597706330725379092
20992 1597706330735958003
21504 1597706330746539581
22016 1597706330757122251
22528 1597706330767752810
23040 1597706330778281074
23552 1597706330788871152
24064 1597706330799450359
24576 1597706330810026178
25088 1597706330820609811
25600 1597706330831187426
26112 1597706330841776467
26624 1597706330852350619
27136 1597706330862931419
27648 1597706330873510071
28160 1597706330884095464
28672 1597706330894688338
29184 1597706330905259082
29696 1597706330915842216
30208 1597706330926421979
30720 1597706330937002427
31232 1597706330947582357
31744 1597706330958282044
32256 1597706330968742549
32768 1597706330979323720
33280 1597706330989907409
33792 1597706331000488320
34304 1597706331011070194
34816 1597706331021651550
35328 1597706331032230387
35840 1597706331042811298
36352 1597706331053390025
36864 1597706331063974732
37376 1597706331074559884
37888 1597706331085139795
38400 1597706331095718095
38912 1597706331106299321
39424 1597706331116882288
39936 1597706331127467348
40448 1597706331138046648
40960 1597706331148623392
41472 1597706331159237155
41984 1597706331169788770
42496 1597706331180367478
43008 1597706331190947982
43520 1597706331201529763
44032 1597706331212110008
44544 1597706331222717993
45056 1597706331233271016
45568 1597706331243859408
46080 1597706331254440505
46592 1597706331265020435
47104 1597706331275600624
47616 1597706331286182794
0 1597706331307380061
512 1597706331317925713
1024 1597706331328507717
1536 1597706331339085443
2048 1597706331349749760
2560 1597706331360257710
3072 1597706331370835714
3584 1597706331381429958
4096 1597706331391961500
4608 1597706331402534189
5120 1597706331413148766
5632 1597706331423719400
6144 1597706331434301478
6656 1597706331444880445
7168 1597706331455461837
7680 1597706331466040045
8192 1597706331476721862
8704 1597706331487255682
9216 1597706331497835778
9728 1597706331508412356
10240 1597706331518991675
10752 1597706331529573104
11264 1597706331540156590
11776 1597706331550752130
12288 1597706331561314635
12800 1597706331571895194
13312 1597706331582476513
13824 1597706331593064164
14336 1597706331603664761
14848 1597706331614291004
15360 1597706331624806250
15872 1597706331635386624
16384 1597706331645968054
16896 1597706331656547113
17408 1597706331667127154
17920 1597706331677708825
18432 1597706331688291144
18944 1597706331698873333
19456 1597706331709454966
19968 1597706331720033970
20480 1597706331730625585
20992 1597706331741231181
21504 1597706331751778222
22016 1597706331762358430
22528 1597706331772940748
23040 1597706331783521271
23552 1597706331794107645
24064 1597706331804838572
24576 1597706331815268430
25088 1597706331825849434
25600 1597706331836427605
26112 1597706331847011016
26624 1597706331857594686
27136 1597706331868172801
27648 1597706331878749750
28160 1597706331889333550
28672 1597706331899919368
29184 1597706331910496632
29696 1597706331921076506
30208 1597706331931655954
30720 1597706331942250106
31232 1597706331952816684
31744 1597706331963404947
32256 1597706331973979951
32768 1597706331984568936
33280 1597706331995149977
33792 1597706332005764369
34304 1597706332016332818
34816 1597706332026888100
35328 1597706332037473826
35840 1597706332048049515
36352 1597706332058631649
36864 1597706332069241115
37376 1597706332079798860
37888 1597706332090372753
38400 1597706332100954757
38912 1597706332111536927
39424 1597706332122143598
39936 1597706332132707713
40448 1597706332143279272
40960 1597706332153862813
41472 1597706332164454558
41984 1597706332175021525
42496 1597706332185607473
43008 1597706332196183477
43520 1597706332206771018
44032 1597706332217348689
44544 1597706332227935137
45056 1597706332238514567
45568 1597706332249095089
46080 1597706332259713518
46592 1597706332270256986
47104 1597706332280835934
47616 1597706332291416197
