0 1597706402381322104
512 1597706402391825112
1024 1597706402402394193
1536 1597706402412975052
2048 1597706402423559430
2560 1597706402434137104
3072 1597706402444722296
3584 1597706402455298414
4096 1597706402465887088
4608 1597706402476481965
5120 1597706402487063176
5632 1597706402497633924
6144 1597706402508209172
6656 1597706402518790216
7168 1597706402529372983
7680 1597706402539951860
8192 1597706402550533404
8704 1597706402561118449
9216 1597706402571736733
9728 1597706402582277333
10240 1597706402592862748
10752 1597706402603442699
11264 1597706402614025207
11776 1597706402624605954
12288 1597706402635312404
12800 1597706402645766858
13312 1597706402656346883
13824 1597706402666931557
14336 1597706402677507564
14848 1597706402688089294
15360 1597706402698670542
15872 1597706402709251271
16384 1597706402719835519
16896 1597706402730413952
17408 1597706402740997274
17920 1597706402751577577
18432 1597706402762191621
18944 1597706402772744629
19456 1597706402783338099
19968 1597706402793915476
20480 1597706402804487465
20992 1597706402815063694
21504 1597706402825800736
22016 1597706402836228098
22528 1597706402846810994
23040 1597706402857393241
23552 1597706402867970323
24064 1597706402878556552
24576 1597706402889164855
25088 1597706402899717178
25600 1597706402910295981
26112 1597706402920875136
26624 1597706402931459773
27136 1597706402942044651
27648 1597706402952619306
28160 1597706402963223276
28672 1597706402973787876
29184 1597706402984365550
29696 1597706402994945742
30208 1597706403005529656
30720 1597706403016106127
31232 1597706403026761170
31744 1597706403037273030
32256 1597706403047852796
32768 1597706403058463488
33280 1597706403069013922
33792 1597706403081255367
34304 1597706403090344526
34816 1597706403100880775
35328 1597706403111462412
35840 1597706403122042030
36352 1597706403132626019
36864 1597706403143209081
37376 1597706403153784996
37888 1597706403164375281
38400 1597706403174951696
38912 1597706403185535610
39424 1597706403196114710
39936 1597706403206696902
40448 1597706403217401426
40960 1597706403227861398
41472 1597706403238458276
41984 1597706403249022579
42496 1597706403259600031
43008 1597706403270180835
43520 1597706403280841452
44032 1597706403291342682
44544 1597706403301923282
45056 1597706403312517122
45568 1597706403323084426
46080 1597706403333667915
46592 1597706403344292921
47104 1597706403354833874
47616 1597706403365410529
0 1597706403386751004
512 1597706403397118533
1024 1597706403407695484
1536 1597706403418353101
2048 1597706403428860184
2560 1597706403439445284
3072 1597706403450019402
3584 1597706403460602317
4096 1597706403471187379
4608 1597706403481787368
5120 1597706403493909463
5632 1597706403502971993
6144 1597706403513542704
6656 1597706403524139822
7168 1597706403534885067
7680 1597706403545298503
8192 1597706403555876158
8704 1597706403566454240
9216 1597706403577041932
9728 1597706403587621421
10240 1597706403598199780
10752 1597706403608810694
11264 1597706403619360628
11776 1597706403629941635
12288 1597706403640524679
12800 1597706403651103797
13312 1597706403661689064
13824 1597706403672421920
14336 1597706403682847967
14848 1597706403693435141
15360 1597706403704049388
15872 1597706403714596285
16384 1597706403725174366
16896 1597706403735753633
17408 1597706403746335973
17920 1597706403756915462
18432 1597706403767500191
18944 1597706403778080198
19456 1597706403788661206
19968 1597706403799239028
20480 1597706403809829016
20992 1597706403820402283
21504 1597706403830987068
22016 1597706403841569130
22528 1597706403852145804
23040 1597706403862732145
23552 1597706403873367133
24064 1597706403883889882
24576 1597706403894473722
25088 1597706403905058266
25600 1597706403915634070
26112 1597706403926217521
26624 1597706403936806954
27136 1597706403947377999
27648 1597706403957963024
28160 1597706403968541513
28672 1597706403979120798
29184 1597706403989752879
29696 1597706404000286016
30208 1597706404010865931
30720 1597706404021445142
31232 1597706404032029797
31744 1597706404042636767
32256 1597706404053190127
32768 1597706404063884706
33280 1597706404077219061
33792 1597706404084960518
34304 1597706404095521100
34816 1597706404106081515
35328 1597706404116639208
35840 1597706404127216752
36352 1597706404137798926
36864 1597706404148384451
37376 1597706404158967885
37888 1597706404169544836
38400 1597706404180126399
38912 1597706404190701610
39424 1597706404201293117
39936 1597706404213423157
40448 1597706404222500779
40960 1597706404233105342
41472 1597706404243653442
41984 1597706404254274689
42496 1597706404264840475
43008 1597706404275396538
43520 1597706404285981878
44032 1597706404296559978
44544 1597706404307145356
45056 1597706404317721178
45568 1597706404328328037
46080 1597706404338883229
46592 1597706404349468237
47104 1597706404360048336
47616 1597706404370627529
0 1597706404391827228
512 1597706404402386069
1024 1597706404414492257
1536 1597706404423496029
2048 1597706404434072721
2560 1597706404444661488
3072 1597706404455322919
3584 1597706404465819280
4096 1597706404476402676
4608 1597706404486983702
5120 1597706404497562135
5632 1597706404508147975
6144 1597706404518846518
6656 1597706404529349341
7168 1597706404539929589
7680 1597706404550511133
8192 1597706404561105807
8704 1597706404571671611
9216 1597706404582277414
9728 1597706404592836755
10240 1597706404603415170
10752 1597706404613996269
11264 1597706404624580129
11776 1597706404638725119
12288 1597706404645747217
12800 1597706404656342317
13312 1597706404666902713
13824 1597706404677495998
14336 1597706404688067283
14848 1597706404698647087
15360 1597706404709230131
15872 1597706404719905414
16384 1597706404730394479
16896 1597706404740970171
17408 1597706404751552215
17920 1597706404762133463
18432 1597706404772713489
18944 1597706404783295145
19456 1597706404793881967
19968 1597706404804464233
20480 1597706404815066314
20992 1597706404825624192
21504 1597706404836207625
22016 1597706404846815447
22528 1597706404857364251
23040 1597706404867946406
23552 1597706404878526265
24064 1597706404889107995
24576 1597706404899729501
25088 1597706404910422525
25600 1597706404920908053
26112 1597706404931442542
26624 1597706404942014864
27136 1597706404952598668
27648 1597706404963177434
28160 1597706404973758405
28672 1597706404984340264
29184 1597706404994921956
29696 1597706405005502648
30208 1597706405016081471
30720 1597706405026665256
31232 1597706405037248337
31744 1597706405047835344
32256 1597706405058409074
32768 1597706405068988081
33280 1597706405079571311
33792 1597706405090152429
34304 1597706405100733158
34816 1597706405111357350
35328 1597706405121893025
35840 1597706405132479014
36352 1597706405143055447
36864 1597706405153637750
37376 1597706405164252979
37888 1597706405174817468
38400 1597706405185387624
38912 1597706405195968909
39424 1597706405206547694
39936 1597706405217118572
40448 1597706405227707079
40960 1597706405238293012
41472 1597706405248868927
41984 1597706405259450157
42496 1597706405270026423
43008 1597706405280613930
43520 1597706405291191641
44032 1597706405301888758
44544 1597706405312357934
45056 1597706405322936219
45568 1597706405333518522
46080 1597706405344099104
46592 1597706405354680592
47104 1597706405365260952
47616 1597706405375845385
0 1597706405397032677
512 1597706405407588481
1024 1597706405418164358
1536 1597706405428710755
2048 1597706405439289985
2560 1597706405449871492
3072 1597706405460455184
3584 1597706405471032136
4096 1597706405481610995
4608 1597706405492194836
5120 1597706405502816083
5632 1597706405513355999
6144 1597706405524047782
6656 1597706405534563050
7168 1597706405545144131
7680 1597706405555724416
8192 1597706405566341608
8704 1597706405576889745
9216 1597706405587462827
9728 1597706405598049167
10240 1597706405608630249
10752 1597706405619208960
11264 1597706405629792411
11776 1597706405640370604
12288 1597706405650951833
12800 1597706405661533248
13312 1597706405672114052
13824 1597706405682704948
14336 1597706405693346510
14848 1597706405703860462
15360 1597706405714443581
15872 1597706405725025847
16384 1597706405735609799
16896 1597706405746186362
17408 1597706405756846535
17920 1597706405767346340
18432 1597706405777926310
18944 1597706405788512928
19456 1597706405799090787
19968 1597706405809704183
20480 1597706405820253598
20992 1597706405830834161
21504 1597706405841417446
22016 1597706405851995120
22528 1597706405862576238
23040 1597706405873163690
23552 1597706405883740660
24064 1597706405894341501
24576 1597706405904905138
25088 1597706405915483386
25600 1597706405926068819
26112 1597706405936650567
26624 1597706405947226500
27136 1597706405957847303
27648 1597706405968391885
28160 1597706405978971244
28672 1597706405989550881
29184 1597706406000131944
29696 1597706406010714211
30208 1597706406021294366
30720 1597706406031876374
31232 1597706406042457825
31744 1597706406053037184
32256 1597706406063620007
32768 1597706406074212236
33280 1597706406084812225
33792 1597706406095367103
34304 1597706406105947906
34816 1597706406116525062
35328 1597706406127110421
35840 1597706406137719280
36352 1597706406148416248
36864 1597706406158850424
37376 1597706406169430858
37888 1597706406180013087
38400 1597706406190594909
38912 1597706406201179528
39424 1597706406211763035
39936 1597706406222344690
40448 1597706406232917513
40960 1597706406243499557
41472 1597706406254079898
41984 1597706406264662387
42496 1597706406275246061
43008 1597706406285829475
43520 1597706406296412983
44032 1597706406306989694
44544 1597706406317567553
45056 1597706406328149671
45568 1597706406338734197
46080 1597706406349356963
46592 1597706406359894249
47104 1597706406370476089
47616 1597706406381057319
0 1597706406402245611
512 1597706406412802489
1024 1597706406423381867
1536 1597706406433963263
2048 1597706406444687805
2560 1597706406455100093
3072 1597706406465668193
3584 1597706406476274478
4096 1597706406486831041
4608 1597706406497409308
5120 1597706406507991926
5632 1597706406518570970
6144 1597706406529154737
6656 1597706406539850446
7168 1597706406551855358
7680 1597706406560939018
8192 1597706406571527580
8704 1597706406582099736
9216 1597706406592686354
9728 1597706406603265269
10240 1597706406613844332
10752 1597706406624427265
11264 1597706406635009310
11776 1597706406645590335
12288 1597706406656172602
12800 1597706406666748943
13312 1597706406677331820
13824 1597706406687916328
14336 1597706406698493724
14848 1597706406709078990
15360 1597706406719694442
15872 1597706406730241894
16384 1597706406740839697
16896 1597706406751399149
17408 1597706406761982823
17920 1597706406772561757
18432 1597706406783143116
18944 1597706406793724216
19456 1597706406804381240
19968 1597706406814888045
20480 1597706406825473460
20992 1597706406836056393
21504 1597706406846636086
22016 1597706406857216778
22528 1597706406867800989
23040 1597706406878374089
23552 1597706406888955985
24064 1597706406899540808
24576 1597706406910122685
25088 1597706406920699433
25600 1597706406931349606
26112 1597706406941861763
26624 1597706406952443844
27136 1597706406963027185
27648 1597706406973609451
28160 1597706406984192274
28672 1597706406994863002
29184 1597706407005353103
29696 1597706407015930129
30208 1597706407026514025
30720 1597706407037105458
31232 1597706407047674318
31744 1597706407058256918
32256 1597706407068837740
32768 1597706407079419173
33280 1597706407090005292
33792 1597706407100580373
34304 1597706407111164195
34816 1597706407121742851
35328 1597706407132347747
35840 1597706407142904625
36352 1597706407153514243
36864 1597706407164068195
37376 1597706407174651406
37888 1597706407185234228
38400 1597706407195861920
38912 1597706407206399854
39424 1597706407216976287
39936 1597706407227556610
40448 1597706407238138043
40960 1597706407248718235
41472 1597706407259299206
41984 1597706407269881732
42496 1597706407280461924
43008 1597706407291043413
43520 1597706407301623328
44032 1597706407312203854
44544 1597706407322810324
45056 1597706407333409886
45568 1597706407343952265
46080 1597706407354531883
46592 1597706407365113224
47104 1597706407375696676
47616 1597706407386413311
0 1597706407407460938
512 1597706407418019261
1024 1597706407428596935
1536 1597706407439177887
2048 1597706407449763857
2560 1597706407460342957
3072 1597706407470886724
3584 1597706407481461046
4096 1597706407492043461
4608 1597706407502627376
5120 1597706407513208643
5632 1597706407523805316
6144 1597706407534370657
6656 1597706407544953498
7168 1597706407555533820
7680 1597706407566214882
8192 1597706407576738038
8704 1597706407587367489
9216 1597706407597896905
9728 1597706407608478208
10240 1597706407619060345
10752 1597706407629644038
11264 1597706407640224601
11776 1597706407650817997
12288 1597706407661383838
12800 1597706407671961604
13312 1597706407682547186
13824 1597706407693127915
14336 1597706407703708719
14848 1597706407714394021
15360 1597706407724877419
15872 1597706407735452815
16384 1597706407746033545
16896 1597706407756609812
17408 1597706407767188652
17920 1597706407777883213
18432 1597706407788356963
18944 1597706407798931656
19456 1597706407809511478
19968 1597706407820096282
20480 1597706407830675919
20992 1597706407841260722
21504 1597706407851839322
22016 1597706407862433626
22528 1597706407872999745
23040 1597706407883581678
23552 1597706407894167870
24064 1597706407904752674
24576 1597706407915325089
25088 1597706407925915929
25600 1597706407936498418
26112 1597706407947094888
26624 1597706407957649396
27136 1597706407968230885
27648 1597706407978835355
28160 1597706407989391714
28672 1597706407999978074
29184 1597706408010555933
29696 1597706408021143885
30208 1597706408031718355
30720 1597706408042314436
31232 1597706408052886018
31744 1597706408063463822
32256 1597706408074068903
32768 1597706408084627170
33280 1597706408095219936
33792 1597706408105794851
34304 1597706408116370840
34816 1597706408126967829
35328 1597706408137528077
35840 1597706408148108622
36352 1597706408158689407
36864 1597706408169346358
37376 1597706408179897440
37888 1597706408190451670
38400 1597706408201026900
38912 1597706408211605851
39424 1597706408222191266
39936 1597706408232856643
40448 1597706408243351429
40960 1597706408253930770
41472 1597706408264512851
41984 1597706408275096692
42496 1597706408285677885
43008 1597706408296261540
43520 1597706408306838955
44032 1597706408317415537
44544 1597706408327997359
45056 1597706408338581385
45568 1597706408349161022
46080 1597706408359747177
46592 1597706408370343999
47104 1597706408380902896
47616 1597706408391486107
0 1597706408412675640
512 1597706408423228703
1024 1597706408433852377
1536 1597706408444393829
2048 1597706408454975485
2560 1597706408465555177
3072 1597706408476138574
3584 1597706408486727377
4096 1597706408497256219
4608 1597706408507837597
5120 1597706408518419437
5632 1597706408529002074
6144 1597706408539581156
6656 1597706408550164793
7168 1597706408560785059
7680 1597706408571323993
8192 1597706408581910945
8704 1597706408592534563
9216 1597706408603116496
9728 1597706408613689781
10240 1597706408624423342
10752 1597706408634857278
11264 1597706408645435692
11776 1597706408656023237
12288 1597706408666596522
12800 1597706408677178418
13312 1597706408687760926
13824 1597706408698341563
14336 1597706408708920792
14848 1597706408719504004
15360 1597706408730085029
15872 1597706408740664796
16384 1597706408751246155
16896 1597706408761828848
17408 1597706408772450873
17920 1597706408783018177
18432 1597706408793569518
18944 1597706408804151618
19456 1597706408814734200
19968 1597706408825362095
20480 1597706408835899344
20992 1597706408846480537
21504 1597706408857084266
22016 1597706408867638144
22528 1597706408878222170
23040 1597706408888833918
23552 1597706408899377056
24064 1597706408909968600
24576 1597706408920541274
25088 1597706408931127467
25600 1597706408941703437
26112 1597706408952282278
26624 1597706408962920933
27136 1597706408973453293
27648 1597706408984036152
28160 1597706408994614956
28672 1597706409005194944
29184 1597706409015885895
29696 1597706409026354959
30208 1597706409036942411
30720 1597706409047515437
31232 1597706409058098130
31744 1597706409068680915
32256 1597706409079262071
32768 1597706409089854393
33280 1597706409100427252
33792 1597706409111006649
34304 1597706409121587175
34816 1597706409132165108
35328 1597706409142746097
35840 1597706409153324956
36352 1597706409163914167
36864 1597706409174494564
37376 1597706409185076238
37888 1597706409195672652
38400 1597706409206234086
38912 1597706409216839001
39424 1597706409227407323
39936 1597706409237979349
40448 1597706409248555949
40960 1597706409259136568
41472 1597706409269727427
41984 1597706409280318045
42496 1597706409290884905
43008 1597706409301465172
43520 1597706409312048179
44032 1597706409322622761
44544 1597706409333250305
45056 1597706409343803349
45568 1597706409354375690
46080 1597706409364955272
46592 1597706409375546057
47104 1597706409386121972
47616 1597706409396731349
0 1597706409417886827
512 1597706409428439169
1024 1597706409439019546
1536 1597706409449602535
2048 1597706409460189598
2560 1597706409470855567
3072 1597706409481347798
3584 1597706409491928732
4096 1597706409502529443
4608 1597706409513056025
5120 1597706409523637551
5632 1597706409534246577
6144 1597706409544804455
6656 1597706409555381425
7168 1597706409565960099
7680 1597706409576543125
8192 1597706409587127818
8704 1597706409597703362
9216 1597706409608572051
9728 1597706409618913303
10240 1597706409629487810
10752 1597706409640071188
11264 1597706409650649862
11776 1597706409661231184
12288 1597706409671861247
12800 1597706409682436810
13312 1597706409692976522
13824 1597706409703558973
14336 1597706409714139870
14848 1597706409724723229
15360 1597706409735303070
15872 1597706409745887855
16384 1597706409756462714
16896 1597706409767066592
17408 1597706409777625266
17920 1597706409788211366
18432 1597706409798808318
18944 1597706409809363307
19456 1597706409819946241
19968 1597706409830525415
20480 1597706409841112015
20992 1597706409851689522
21504 1597706409862420194
22016 1597706409872862204
22528 1597706409883433082
23040 1597706409894018663
23552 1597706409904633152
24064 1597706409915180234
24576 1597706409925763297
25088 1597706409936352397
25600 1597706409957504504
26112 1597706409968087549
26624 1597706409978668797
27136 1597706409989250101
27648 1597706409999834238
28160 1597706410010439819
28672 1597706410020996012
29184 1597706410031581612
29696 1597706410042154231
30208 1597706410052739016
30720 1597706410063362949
31232 1597706410073899494
31744 1597706410084486205
32256 1597706410095065546
32768 1597706410105645739
33280 1597706410116225154
33792 1597706410126836827
34304 1597706410137385576
34816 1597706410147966861
35328 1597706410158547628
35840 1597706410169129561
36352 1597706410179752198
36864 1597706410190294521
37376 1597706410200877639
37888 1597706410211455073
38400 1597706410222038080
38912 1597706410232617440
39424 1597706410243197540
39936 1597706410253883379
40448 1597706410264361999
40960 1597706410274945655
41472 1597706410285525144
41984 1597706410296106281
42496 1597706410306688233
43008 1597706410317267092
43520 1597706410327849285
44032 1597706410338429626
44544 1597706410349013244
45056 1597706410359594419
45568 1597706410370177296
46080 1597706410380754341
46592 1597706410391335774
47104 1597706410401917819
47616 1597706410412499215
0 1597706410433646601
512 1597706410444233071
1024 1597706410454829079
1536 1597706410465364605
2048 1597706410475947261
2560 1597706410486527861
3072 1597706410497107461
3584 1597706410507687821
4096 1597706410518285828
4608 1597706410528897261
5120 1597706410539475713
5632 1597706410550055831
6144 1597706410560633580
6656 1597706410571215680
7168 1597706410581795780
7680 1597706410592426305
8192 1597706410602964572
8704 1597706410613543784
9216 1597706410624127328
9728 1597706410634708317
10240 1597706410645345120
10752 1597706410655867092
11264 1597706410666444951
11776 1597706410677057810
12288 1597706410687607670
12800 1597706410698183936
13312 1597706410708844998
13824 1597706410719349211
14336 1597706410729935940
14848 1597706410740513485
15360 1597706410751091344
15872 1597706410761678129
16384 1597706410772252915
16896 1597706410782834552
17408 1597706410793414411
17920 1597706410803996789
18432 1597706410814585130
18944 1597706410825192174
19456 1597706410835744552
19968 1597706410846354374
20480 1597706410856905771
20992 1597706410867484760
21504 1597706410878076675
22016 1597706410888644720
22528 1597706410899228894
23040 1597706410909864826
23552 1597706410920390057
24064 1597706410930985231
24576 1597706410941551294
25088 1597706410952131635
25600 1597706410962755771
26112 1597706410973298076
26624 1597706410983881305
27136 1597706410994470813
27648 1597706411005040358
28160 1597706411015625698
28672 1597706411026206002
29184 1597706411036834620
29696 1597706411047371480
30208 1597706411057943766
30720 1597706411068524347
31232 1597706411079117058
31744 1597706411089724936
32256 1597706411100418516
32768 1597706411110860470
33280 1597706411121441107
33792 1597706411132039207
34304 1597706411142599715
34816 1597706411153180556
35328 1597706411163762934
35840 1597706411174345645
36352 1597706411184927375
36864 1597706411195507715
37376 1597706411206090575
37888 1597706411216664416
38400 1597706411227249608
38912 1597706411237828264
39424 1597706411248415994
39936 1597706411258986890
40448 1597706411269568713
40960 1597706411280154294
41472 1597706411290733598
41984 1597706411301357364
42496 1597706411311890706
43008 1597706411322482287
43520 1597706411333133294
44032 1597706411343640543
44544 1597706411354250550
45056 1597706411364817540
45568 1597706411375395436
46080 1597706411385968870
46592 1597706411396551377
47104 1597706411407125570
47616 1597706411417706337
0 1597706411438858278
512 1597706411449412064
1024 1597706411459995368
1536 1597706411470579171
2048 1597706411481166086
2560 1597706411491859592
3072 1597706411502323472
3584 1597706411512900165
4096 1597706411523483468
4608 1597706411534066939
5120 1597706411544691872
5632 1597706411555264657
6144 1597706411565849220
6656 1597706411576428783
7168 1597706411587020328
7680 1597706411597595372
8192 1597706411608168695
8704 1597706411618751017
9216 1597706411629339173
9728 1597706411639947532
10240 1597706411650507540
10752 1597706411661084269
11264 1597706411671663036
11776 1597706411682242081
12288 1597706411692844144
12800 1597706411703404596
13312 1597706411713987381
13824 1597706411724570944
14336 1597706411735152063
14848 1597706411745733293
15360 1597706411756333374
15872 1597706411766896215
16384 1597706411777474871
16896 1597706411788057878
17408 1597706411798635756
17920 1597706411809219671
18432 1597706411819800234
18944 1597706411830379853
19456 1597706411840963342
19968 1597706411851543313
20480 1597706411862123691
20992 1597706411872708031
21504 1597706411883350538
22016 1597706411893867732
22528 1597706411904450128
23040 1597706411915031339
23552 1597706411925616550
24064 1597706411936195095
24576 1597706411946872157
25088 1597706411957356055
25600 1597706411967936858
26112 1597706411978515866
26624 1597706411989097929
27136 1597706411999761732
27648 1597706412010266833
28160 1597706412020841359
28672 1597706412031422533
29184 1597706412042003819
29696 1597706412052586734
30208 1597706412063166038
30720 1597706412073747453
31232 1597706412084350738
31744 1597706412094916060
32256 1597706412105493975
32768 1597706412116071872
33280 1597706412126658972
33792 1597706412137237850
34304 1597706412147859524
34816 1597706412158399513
35328 1597706412168978725
35840 1597706412179559158
36352 1597706412190146610
36864 1597706412200723451
37376 1597706412211302940
37888 1597706412221886022
38400 1597706412232466918
38912 1597706412243049222
39424 1597706412253632341
39936 1597706412264255607
40448 1597706412274809763
40960 1597706412285382938
41472 1597706412295963093
41984 1597706412306537045
42496 1597706412317115109
43008 1597706412327700672
43520 1597706412338424140
44032 1597706412348857872
44544 1597706412359439917
45056 1597706412370021554
45568 1597706412380601636
46080 1597706412391184199
46592 1597706412401763614
47104 1597706412412348084
47616 1597706412422925277
0 1597706412444113459
512 1597706412454677040
1024 1597706412465215826
1536 1597706412475809630
2048 1597706412486376694
2560 1597706412496984867
3072 1597706412507536338
3584 1597706412518116753
4096 1597706412528699391
4608 1597706412539312287
5120 1597706412549861776
5632 1597706412562014519
6144 1597706412571067679
6656 1597706412581647632
7168 1597706412592232139
7680 1597706412602834109
8192 1597706412613391951
8704 1597706412623970069
9216 1597706412634554725
9728 1597706412645137807
10240 1597706412655718259
10752 1597706412666299174
11264 1597706412676880589
11776 1597706412687458096
12288 1597706412698038808
12800 1597706412708620389
13312 1597706412719203860
13824 1597706412729882884
14336 1597706412740368171
14848 1597706412750947253
15360 1597706412761530279
15872 1597706412772108990
16384 1597706412782688516
16896 1597706412793272839
17408 1597706412803850217
17920 1597706412814436650
18432 1597706412825017121
18944 1597706412835598610
19456 1597706412846181525
19968 1597706412856760366
20480 1597706412867340040
20992 1597706412877924214
21504 1597706412888502463
22016 1597706412899086211
22528 1597706412909708588
23040 1597706412920248485
23552 1597706412930839308
24064 1597706412941409112
24576 1597706412951993267
25088 1597706412962602830
25600 1597706412973153616
26112 1597706412983737197
26624 1597706412994341890
27136 1597706413004898213
27648 1597706413015476313
28160 1597706413026064561
28672 1597706413036638069
29184 1597706413047219225
29696 1597706413057799788
30208 1597706413068384277
30720 1597706413078966192
31232 1597706413089549959
31744 1597706413100129559
32256 1597706413110709678
32768 1597706413121346944
33280 1597706413131869212
33792 1597706413142454404
34304 1597706413153032079
34816 1597706413163617142
35328 1597706413174195964
35840 1597706413184943025
36352 1597706413195360887
36864 1597706413205943932
37376 1597706413216521180
37888 1597706413227101521
38400 1597706413237683010
38912 1597706413248264351
39424 1597706413258845136
39936 1597706413269426996
40448 1597706413280007892
40960 1597706413290592937
41472 1597706413301169260
41984 1597706413311750323
42496 1597706413322391774
43008 1597706413332961022
43520 1597706413343498031
44032 1597706413354078761
44544 1597706413364662879
45056 1597706413375240757
45568 1597706413385858394
46080 1597706413396402236
46592 1597706413407014817
47104 1597706413417564232
47616 1597706413428145462
0 1597706413449380773
512 1597706413459890633
1024 1597706413470469400
1536 1597706413481013705
2048 1597706413491589712
2560 1597706413502172905
3072 1597706413512782709
3584 1597706413523334402
4096 1597706413533914483
4608 1597706413544496732
5120 1597706413555078128
5632 1597706413565656858
6144 1597706413576483658
6656 1597706413586863817
7168 1597706413597448214
7680 1597706413608019407
8192 1597706413618600951
8704 1597706413629190107
9216 1597706413639763837
9728 1597706413650344252
10240 1597706413660931130
10752 1597706413671513915
11264 1597706413682102978
11776 1597706413692669838
12288 1597706413703252642
12800 1597706413713831668
13312 1597706413724422713
13824 1597706413735008924
14336 1597706413745584746
14848 1597706413756167310
15360 1597706413766739780
15872 1597706413777357769
16384 1597706413787935554
16896 1597706413798490451
17408 1597706413809067866
17920 1597706413819649189
18432 1597706413830232678
18944 1597706413840858166
19456 1597706413851393193
19968 1597706413861977145
20480 1597706413872554634
20992 1597706413883137142
21504 1597706413893719390
22016 1597706413904342157
22528 1597706413914881276
23040 1597706413925465783
23552 1597706413936044680
24064 1597706413946626743
24576 1597706413957206788
25088 1597706413967882998
25600 1597706413978367877
26112 1597706413988948922
26624 1597706413999530281
27136 1597706414010116344
27648 1597706414020693074
28160 1597706414031290156
28672 1597706414041853942
29184 1597706414052450486
29696 1597706414063016513
30208 1597706414073600965
30720 1597706414084182083
31232 1597706414094766906
31744 1597706414105349321
32256 1597706414115923958
32768 1597706414126508096
33280 1597706414137083937
33792 1597706414147666407
34304 1597706414158249785
34816 1597706414168850459
35328 1597706414179411338
35840 1597706414189997845
36352 1597706414200573149
36864 1597706414211154287
37376 1597706414221737368
37888 1597706414232332042
38400 1597706414242896569
38912 1597706414253479021
39424 1597706414264060214
39936 1597706414274647221
40448 1597706414285225692
40960 1597706414295809459
41472 1597706414306389670
41984 1597706414316992937
42496 1597706414327543186
43008 1597706414338124360
43520 1597706414348701016
44032 1597706414359345430
44544 1597706414369869920
45056 1597706414380447983
45568 1597706414391030639
46080 1597706414401612888
46592 1597706414412194377
47104 1597706414422865309
47616 1597706414433359651
0 1597706414454544685
512 1597706414465097823
1024 1597706414475684423
1536 1597706414486263560
2048 1597706414496992362
2560 1597706414507387298
3072 1597706414517968935
3584 1597706414528549314
4096 1597706414539127618
4608 1597706414549711514
5120 1597706414560336447
5632 1597706414570873529
6144 1597706414581455130
6656 1597706414592043471
7168 1597706414604306175
7680 1597706414613239356
8192 1597706414623864566
8704 1597706414634398445
9216 1597706414644986360
9728 1597706414655567146
10240 1597706414666145598
10752 1597706414676731087
11264 1597706414687305280
11776 1597706414697886639
12288 1597706414708471166
12800 1597706414719048784
13312 1597706414729633162
13824 1597706414740211540
14336 1597706414750805640
14848 1597706414761376574
15360 1597706414771952897
15872 1597706414782538238
16384 1597706414793115894
16896 1597706414803694012
17408 1597706414814429444
17920 1597706414824870546
18432 1597706414835442258
18944 1597706414846032432
19456 1597706414856612310
19968 1597706414867181947
20480 1597706414877769066
20992 1597706414888345574
21504 1597706414898926230
22016 1597706414909511422
22528 1597706414920094634
23040 1597706414930670604
23552 1597706414941259353
24064 1597706414962430220
24576 1597706414973000394
25088 1597706414983580365
25600 1597706414994164206
26112 1597706415004774824
26624 1597706415015366850
27136 1597706415025907303
27648 1597706415036486070
28160 1597706415047064337
28672 1597706415057645660
29184 1597706415068226704
29696 1597706415078845211
30208 1597706415089392812
30720 1597706415099974079
31232 1597706415110564531
31744 1597706415121135724
32256 1597706415131719473
32768 1597706415142303314
33280 1597706415152879285
33792 1597706415163465014
34304 1597706415174042985
34816 1597706415184621826
35328 1597706415195216186
35840 1597706415205888303
36352 1597706415216374497
36864 1597706415226964764
37376 1597706415237530772
37888 1597706415248105169
38400 1597706415258688325
38912 1597706415269268888
39424 1597706415279851359
39936 1597706415290435144
40448 1597706415301013170
40960 1597706415311602122
41472 1597706415322181019
41984 1597706415332786378
42496 1597706415343349497
43008 1597706415353926709
43520 1597706415364510642
44032 1597706415375089854
44544 1597706415385671195
45056 1597706415396261369
45568 1597706415406849173
46080 1597706415417421033
46592 1597706415427993078
47104 1597706415438579178
47616 1597706415449156704
0 1597706415597421384
512 1597706415607872653
1024 1597706415618450402
1536 1597706415629002484
2048 1597706415639575918
2560 1597706415650160925
3072 1597706415660763599
3584 1597706415671320237
4096 1597706415681900430
4608 1597706415692479604
5120 1597706415703061834
5632 1597706415713642323
6144 1597706415724277627
6656 1597706415734856597
7168 1597706415745439105
7680 1597706415756015687
8192 1597706415766592269
8704 1597706415777172610
9216 1597706415787757154
9728 1597706415798347792
10240 1597706415808916244
10752 1597706415819490511
11264 1597706415830075148
11776 1597706415840663804
12288 1597706415851240349
12800 1597706415861866356
13312 1597706415872406994
13824 1597706415882986668
14336 1597706415893566898
14848 1597706415904147758
15360 1597706415914727692
15872 1597706415925313347
16384 1597706415935900188
16896 1597706415946480159
17408 1597706415957047222
17920 1597706415967680248
18432 1597706415978216479
18944 1597706415988806393
19456 1597706415999373975
19968 1597706416009956354
20480 1597706416020535787
20992 1597706416031157202
21504 1597706416041711303
22016 1597706416052443808
22528 1597706416062869059
23040 1597706416073447493
23552 1597706416084031852
24064 1597706416094617212
24576 1597706416105196090
25088 1597706416115771579
25600 1597706416126356346
26112 1597706416136978205
26624 1597706416147516843
27136 1597706416158096684
27648 1597706416168678988
28160 1597706416179258922
28672 1597706416189851522
29184 1597706416200423604
29696 1597706416211003408
30208 1597706416221586675
30720 1597706416232169757
31232 1597706416242746839
31744 1597706416253368531
32256 1597706416263912558
32768 1597706416274492307
33280 1597706416285073407
33792 1597706416295654711
34304 1597706416306239293
34816 1597706416316841115
35328 1597706416327394679
35840 1597706416338006427
36352 1597706416348561639
36864 1597706416359138887
37376 1597706416369726543
37888 1597706416380301717
38400 1597706416390883225
38912 1597706416401463048
39424 1597706416412045963
39936 1597706416422627860
40448 1597706416433207830
40960 1597706416443889151
41472 1597706416454373012
41984 1597706416464953279
42496 1597706416475535917
43008 1597706416486117665
43520 1597706416496698025
44032 1597706416507292829
44544 1597706416517858189
45056 1597706416528441789
45568 1597706416539020704
46080 1597706416549603416
46592 1597706416560184868
47104 1597706416570765505
47616 1597706416581346235
0 1597706416602535824
512 1597706416613091221
1024 1597706416623670285
1536 1597706416634291533
2048 1597706416645015538
2560 1597706416655379734
3072 1597706416665956705
3584 1597706416676541898
4096 1597706416687118869
4608 1597706416697698321
5120 1597706416708301403
5632 1597706416718864540
6144 1597706416729441752
6656 1597706416740022815
7168 1597706416752227021
7680 1597706416761229126
8192 1597706416771807301
8704 1597706416782388808
9216 1597706416792973205
9728 1597706416803555194
10240 1597706416814128943
10752 1597706416824715728
11264 1597706416835349920
11776 1597706416845878040
12288 1597706416856466085
12800 1597706416867038944
13312 1597706416877618971
13824 1597706416888201312
14336 1597706416898942614
14848 1597706416909363790
15360 1597706416919945724
15872 1597706416930526139
16384 1597706416941108258
16896 1597706416951688655
17408 1597706416962270792
17920 1597706416972851485
18432 1597706416983431382
18944 1597706416994012149
19456 1597706417004596471
19968 1597706417015176498
20480 1597706417025763783
20992 1597706417036360161
21504 1597706417046963965
22016 1597706417057503492
22528 1597706417068082555
23040 1597706417078663470
23552 1597706417089245756
24064 1597706417099871300
24576 1597706417110408345
25088 1597706417120989538
25600 1597706417131568972
26112 1597706417142153387
26624 1597706417152732228
27136 1597706417163313810
27648 1597706417173892855
28160 1597706417184477789
28672 1597706417195055093
29184 1597706417205640397
29696 1597706417216222442
30208 1597706417226824042
30720 1597706417237380235
31232 1597706417247965465
31744 1597706417258545306
32256 1597706417269124648
32768 1597706417279744784
33280 1597706417290414309
33792 1597706417300868801
34304 1597706417311449716
34816 1597706417322030612
35328 1597706417332616602
35840 1597706417343193295
36352 1597706417353781191
36864 1597706417364359829
37376 1597706417374939022
37888 1597706417385521807
38400 1597706417396102037
38912 1597706417406684471
39424 1597706417417261960
39936 1597706417427847839
40448 1597706417438428180
40960 1597706417449007225
41472 1597706417459586658
41984 1597706417470174018
42496 1597706417480749359
43008 1597706417491364477
43520 1597706417501911171
44032 1597706417512490679
44544 1597706417523076094
45056 1597706417533658083
45568 1597706417544274072
46080 1597706417554841691
46592 1597706417565405088
47104 1597706417575983614
47616 1597706417586566918
0 1597706417607751230
512 1597706417618317997
1024 1597706417628887209
1536 1597706417639467106
2048 1597706417650050021
2560 1597706417660629584
3072 1597706417671174574
3584 1597706417681859580
4096 1597706417692367052
4608 1597706417702916783
5120 1597706417713501383
5632 1597706417724080465
6144 1597706417734660436
6656 1597706417745239906
7168 1597706417755823062
7680 1597706417766510939
8192 1597706417777019151
8704 1597706417787607974
9216 1597706417798187037
9728 1597706417808766304
10240 1597706417819352220
10752 1597706417829930301
11264 1597706417840517754
11776 1597706417851091910
12288 1597706417861672973
12800 1597706417872259166
13312 1597706417882856599
13824 1597706417893418848
14336 1597706417903996856
14848 1597706417914579160
15360 1597706417925164038
15872 1597706417935743546
16384 1597706417946355702
16896 1597706417956949431
17408 1597706417967484607
17920 1597706417978067781
18432 1597706417988651659
18944 1597706417999228926
19456 1597706418009812730
19968 1597706418020391497
20480 1597706418030973061
20992 1597706418041553328
21504 1597706418052135021
22016 1597706418062715195
22528 1597706418073371684
23040 1597706418083880804
23552 1597706418094464015
24064 1597706418105042967
24576 1597706418115623586
25088 1597706418126205205
25600 1597706418136950544
26112 1597706418147364425
26624 1597706418157946710
27136 1597706418168535070
27648 1597706418179110930
28160 1597706418189768677
28672 1597706418200276168
29184 1597706418210853824
29696 1597706418221436572
30208 1597706418232014136
30720 1597706418242596736
31232 1597706418253176651
31744 1597706418263757048
32256 1597706418274360463
32768 1597706418284928712
33280 1597706418295504923
33792 1597706418306085839
34304 1597706418316664717
34816 1597706418327245873
35328 1597706418337885176
35840 1597706418348407740
36352 1597706418358989156
36864 1597706418369572200
37376 1597706418380151986
37888 1597706418390733994
38400 1597706418401313613
38912 1597706418411895269
39424 1597706418422474943
39936 1597706418433058340
40448 1597706418443638626
40960 1597706418454261337
41472 1597706418464814475
41984 1597706418475385316
42496 1597706418485967972
43008 1597706418496548943
43520 1597706418507126839
44032 1597706418517712051
44544 1597706418528405353
45056 1597706418538870937
45568 1597706418549453574
46080 1597706418560034879
46592 1597706418570614349
47104 1597706418581196524
47616 1597706418591783643
0 1597706418612962214
512 1597706418623522259
1024 1597706418634104878
1536 1597706418644685756
2048 1597706418655271560
2560 1597706418665847883
3072 1597706418676429280
3584 1597706418688582801
4096 1597706418697548703
4608 1597706418708130748
5120 1597706418718711793
5632 1597706418729346096
6144 1597706418739875475
6656 1597706418750455817
7168 1597706418761035806
7680 1597706418771615369
8192 1597706418782196599
8704 1597706418792841995
9216 1597706418803401225
9728 1597706418813981289
10240 1597706418824564760
10752 1597706418835151638
11264 1597706418845731831
11776 1597706418856316598
12288 1597706418866926402
12800 1597706418877469836
13312 1597706418888075936
13824 1597706418898632037
14336 1597706418909212396
14848 1597706418919885496
15360 1597706418930374227
15872 1597706418940955753
16384 1597706418951539298
16896 1597706418962118695
17408 1597706418972702036
17920 1597706418983311895
18432 1597706418993862793
18944 1597706419004449504
19456 1597706419015024123
19968 1597706419025611686
20480 1597706419036195416
20992 1597706419046772961
21504 1597706419057354710
22016 1597706419067933885
22528 1597706419078512374
23040 1597706419089097900
23552 1597706419099718167
24064 1597706419110260694
24576 1597706419120850850
25088 1597706419131417987
25600 1597706419142003477
26112 1597706419152579948
26624 1597706419163164807
27136 1597706419173743019
27648 1597706419184345212
28160 1597706419194931238
28672 1597706419205491117
29184 1597706419216070384
29696 1597706419226653392
30208 1597706419237232751
30720 1597706419247811074
31232 1597706419258393286
31744 1597706419268975923
32256 1597706419279554913
32768 1597706419290137532
33280 1597706419300717780
33792 1597706419311349361
34304 1597706419321879296
34816 1597706419332469193
35328 1597706419343048015
35840 1597706419353627690
36352 1597706419364222753
36864 1597706419374939111
37376 1597706419385368769
37888 1597706419395953888
38400 1597706419406532378
38912 1597706419417116608
39424 1597706419427690634
39936 1597706419438273660
40448 1597706419448854576
40960 1597706419459435121
41472 1597706419470019221
41984 1597706419480601766
42496 1597706419491178552
43008 1597706419501759245
43520 1597706419512396863
44032 1597706419522925353
44544 1597706419533505935
45056 1597706419544087610
45568 1597706419554672654
46080 1597706419565249218
46592 1597706419575876836
47104 1597706419586415308
47616 1597706419597026056
0 1597706419618178461
512 1597706419628731839
1024 1597706419639312532
1536 1597706419649894522
2048 1597706419660481715
2560 1597706419671060130
3072 1597706419681639768
3584 1597706419692218201
4096 1597706419702856246
4608 1597706419713408124
5120 1597706419723966077
5632 1597706419734552437
6144 1597706419745132889
6656 1597706419755717489
7168 1597706419766422421
7680 1597706419776886838
8192 1597706419787469531
8704 1597706419798028688
9216 1597706419808644121
9728 1597706419819200907
10240 1597706419829778822
10752 1597706419840362367
11264 1597706419850943875
11776 1597706419861522216
12288 1597706419872102539
12800 1597706419882684806
13312 1597706419893269610
13824 1597706419903846674
14336 1597706419914430885
14848 1597706419925017930
15360 1597706419935593160
15872 1597706419946174150
16384 1597706419977938395
16896 1597706419988504996
17408 1597706419999081485
17920 1597706420009704252
18432 1597706420020249705
18944 1597706420030841009
19456 1597706420041404591
19968 1597706420051988025
20480 1597706420062566181
20992 1597706420073146430
21504 1597706420083730234
22016 1597706420094316575
22528 1597706420104892768
23040 1597706420115473202
23552 1597706420126055451
24064 1597706420136640866
24576 1597706420147214541
25088 1597706420157884103
25600 1597706420168376890
26112 1597706420178958565
26624 1597706420189538739
27136 1597706420200122488
27648 1597706420210700792
28160 1597706420221310133
28672 1597706420231864345
29184 1597706420242444242
29696 1597706420253025990
30208 1597706420263606943
30720 1597706420274190765
31232 1597706420284774440
31744 1597706420295353689
32256 1597706420305937271
32768 1597706420316544112
33280 1597706420327095768
33792 1597706420337678165
34304 1597706420348259210
34816 1597706420358848329
35328 1597706420369424559
35840 1597706420380001160
36352 1597706420390583630
36864 1597706420401166731
37376 1597706420411748331
37888 1597706420422458374
38400 1597706420432909014
38912 1597706420443488114
39424 1597706420454069474
39936 1597706420464651241
40448 1597706420475239101
40960 1597706420485817554
41472 1597706420496397673
41984 1597706420506998865
42496 1597706420517562003
43008 1597706420528143419
43520 1597706420538713149
44032 1597706420549349804
44544 1597706420559882590
45056 1597706420570461487
45568 1597706420581043995
46080 1597706420591625540
46592 1597706420602203752
47104 1597706420612936313
47616 1597706420623362823
0 1597706420644559820
512 1597706420655110680
1024 1597706420665688225
1536 1597706420676280863
2048 1597706420686876315
2560 1597706420697438656
3072 1597706420708015701
3584 1597706420718601506
4096 1597706420729140792
4608 1597706420739721207
5120 1597706420750323067
5632 1597706420760884075
6144 1597706420771463731
6656 1597706420782045609
7168 1597706420792624154
7680 1597706420803215144
8192 1597706420813844854
8704 1597706420824479047
9216 1597706420834990426
9728 1597706420845578175
10240 1597706420856157905
10752 1597706420866731468
11264 1597706420877322273
11776 1597706420887892170
12288 1597706420898474511
12800 1597706420909055611
13312 1597706420919636601
13824 1597706420930263571
14336 1597706420940824264
14848 1597706420951387402
15360 1597706420961973206
15872 1597706420972551770
16384 1597706420983134111
16896 1597706420993710952
17408 1597706421004426125
17920 1597706421014875005
18432 1597706421025459680
18944 1597706421036039891
19456 1597706421046622011
19968 1597706421057204648
20480 1597706421067782008
20992 1597706421078360886
21504 1597706421088945987
22016 1597706421099524828
22528 1597706421110108188
23040 1597706421120687214
23552 1597706421131269111
24064 1597706421141850397
24576 1597706421152431035
25088 1597706421163014672
25600 1597706421173592458
26112 1597706421184174836
26624 1597706421194761529
27136 1597706421205376074
27648 1597706421215919379
28160 1597706421226509775
28672 1597706421237083821
29184 1597706421247661977
29696 1597706421258242744
30208 1597706421268856214
30720 1597706421279408019
31232 1597706421289988897
31744 1597706421300569739
32256 1597706421311147450
32768 1597706421321729736
33280 1597706421332359947
33792 1597706421342892159
34304 1597706421353472686
34816 1597706421364052935
35328 1597706421374639665
35840 1597706421385216747
36352 1597706421395880272
36864 1597706421406380874
37376 1597706421416958752
37888 1597706421427540871
38400 1597706421438123379
38912 1597706421448706702
39424 1597706421459313432
39936 1597706421469868699
40448 1597706421480446096
40960 1597706421491028234
41472 1597706421501610409
41984 1597706421512189435
42496 1597706421522775369
43008 1597706421533355192
43520 1597706421543934329
44032 1597706421554518800
44544 1597706421565098975
45056 1597706421575683742
45568 1597706421586268231
46080 1597706421596869924
46592 1597706421607425507
47104 1597706421618003292
47616 1597706421628588412
0 1597706421649828797
512 1597706421660326750
1024 1597706421670868222
1536 1597706421681454100
2048 1597706421692030719
2560 1597706421702615246
3072 1597706421713204235
3584 1597706421723776891
4096 1597706421734358436
4608 1597706421745047165
5120 1597706421755566155
5632 1597706421766140515
6144 1597706421776727097
6656 1597706421787386363
7168 1597706421797887483
7680 1597706421808467232
8192 1597706421819050536
8704 1597706421829627044
9216 1597706421840213404
9728 1597706421850957910
10240 1597706421861376383
10752 1597706421871957261
11264 1597706421882533232
11776 1597706421893114259
12288 1597706421903695285
12800 1597706421914312108
13312 1597706421924863671
13824 1597706421935447698
14336 1597706421946023947
14848 1597706421956606418
15360 1597706421967183870
15872 1597706421977764656
16384 1597706421988364034
16896 1597706421998930264
17408 1597706422009507587
17920 1597706422020092484
18432 1597706422030669511
18944 1597706422041254259
19456 1597706422051876970
19968 1597706422062416460
20480 1597706422072996154
20992 1597706422083578606
21504 1597706422094162836
22016 1597706422104743178
22528 1597706422115319593
23040 1597706422125904508
23552 1597706422136484757
24064 1597706422147063247
24576 1597706422157646255
25088 1597706422168228041
25600 1597706422178809530
26112 1597706422189388594
26624 1597706422199972027
27136 1597706422210551480
27648 1597706422221133803
28160 1597706422231715440
28672 1597706422242420410
29184 1597706422252900530
29696 1597706422263457946
30208 1597706422274037102
30720 1597706422284622592
31232 1597706422295203803
31744 1597706422305786108
32256 1597706422316363060
32768 1597706422326968457
33280 1597706422337537687
33792 1597706422348110880
34304 1597706422358708462
34816 1597706422369273804
35328 1597706422379849090
35840 1597706422390435894
36352 1597706422401009772
36864 1597706422411597688
37376 1597706422422172362
37888 1597706422432785870
38400 1597706422443337027
38912 1597706422453917757
39424 1597706422464500191
39936 1597706422475084569
40448 1597706422485664614
40960 1597706422496245529
41472 1597706422506828445
41984 1597706422517408045
42496 1597706422527994016
43008 1597706422538573895
43520 1597706422549150718
44032 1597706422559736614
44544 1597706422570314511
45056 1597706422580894223
45568 1597706422591475527
46080 1597706422602055054
46592 1597706422612638581
47104 1597706422623219811
47616 1597706422633799022
