0 1597706357284522050
512 1597706357294806375
1024 1597706357305374436
1536 1597706357315835943
2048 1597706357326414651
2560 1597706357337004008
3072 1597706357347663864
3584 1597706357358161333
4096 1597706357368746783
4608 1597706357379323270
5120 1597706357389914997
5632 1597706357400495946
6144 1597706357411066174
6656 1597706357421647660
7168 1597706357432228980
7680 1597706357442808893
8192 1597706357453391787
8704 1597706357463976329
9216 1597706357474554686
9728 1597706357485136413
10240 1597706357495725733
10752 1597706357506297905
11264 1597706357516877540
11776 1597706357527459600
12288 1597706357538043309
12800 1597706357548665425
13312 1597706357559230467
13824 1597706357569789065
14336 1597706357580365904
14848 1597706357590946001
15360 1597706357601558617
15872 1597706357612156326
16384 1597706357622696776
16896 1597706357633271263
17408 1597706357643852694
17920 1597706357654454143
18432 1597706357665033759
18944 1597706357675597320
19456 1597706357686179232
19968 1597706357696761608
20480 1597706357707345983
20992 1597706357717942192
21504 1597706357728502864
22016 1597706357739140702
22528 1597706357749688800
23040 1597706357760247176
23552 1597706357770858217
24064 1597706357781409093
24576 1597706357791988969
25088 1597706357802728231
25600 1597706357813187849
26112 1597706357823736447
26624 1597706357834316026
27136 1597706357844897587
27648 1597706357855476777
28160 1597706357866089356
28672 1597706357876647750
29184 1597706357887222144
29696 1597706357897801668
30208 1597706357908380803
30720 1597706357918990641
31232 1597706357929547220
31744 1597706357940150021
32256 1597706357950707805
32768 1597706357961288458
33280 1597706357971869945
33792 1597706357982450339
34304 1597706357993038362
34816 1597706358003659274
35328 1597706358014198261
35840 1597706358024913301
36352 1597706358035484492
36864 1597706358046064812
37376 1597706358056645354
37888 1597706358067243989
38400 1597706358077808624
38912 1597706358088387036
39424 1597706358098974097
39936 1597706358109550176
40448 1597706358120138274
40960 1597706358130714409
41472 1597706358141295451
41984 1597706358151883900
42496 1597706358162457146
43008 1597706358173038133
43520 1597706358183620564
44032 1597706358194322253
44544 1597706358204784389
45056 1597706358215363746
45568 1597706358225947325
46080 1597706358236531664
46592 1597706358247114354
47104 1597706358257709415
47616 1597706358268265550
0 1597706358289459263
512 1597706358300011936
1024 1597706358310593607
1536 1597706358321141261
2048 1597706358331715100
2560 1597706358342293383
3072 1597706358352883666
3584 1597706358363459338
4096 1597706358374041565
4608 1597706358384621589
5120 1597706358395224371
5632 1597706358405792302
6144 1597706358416472880
6656 1597706358426993942
7168 1597706358437570484
7680 1597706358448147730
8192 1597706358458781697
8704 1597706358469309277
9216 1597706358479892208
9728 1597706358490478695
10240 1597706358501052774
10752 1597706358511634354
11264 1597706358522215544
11776 1597706358532799623
12288 1597706358543378832
12800 1597706358553958430
13312 1597706358564548398
13824 1597706358575128144
14336 1597706358585738630
14848 1597706358596286765
15360 1597706358606868178
15872 1597706358617450090
16384 1597706358628033207
16896 1597706358638608230
17408 1597706358649344918
17920 1597706358659773241
18432 1597706358670354449
18944 1597706358680935029
19456 1597706358691514108
19968 1597706358702095206
20480 1597706358712676378
20992 1597706358723284938
21504 1597706358733845017
22016 1597706358744428226
22528 1597706358755004731
23040 1597706358765581737
23552 1597706358776169742
24064 1597706358786758136
24576 1597706358797331252
25088 1597706358807908350
25600 1597706358818488540
26112 1597706358829068990
26624 1597706358839650976
27136 1597706358850286981
27648 1597706358860815135
28160 1597706358871401140
28672 1597706358881979608
29184 1597706358892557576
29696 1597706358903138137
30208 1597706358913719272
30720 1597706358924352498
31232 1597706358934886949
31744 1597706358945463065
32256 1597706358956050681
32768 1597706358966627742
33280 1597706358977213080
33792 1597706358987794178
34304 1597706358998373202
34816 1597706359008956059
35328 1597706359019535768
35840 1597706359030124865
36352 1597706359040819202
36864 1597706359051277283
37376 1597706359061857233
37888 1597706359072438849
38400 1597706359083019706
38912 1597706359093605434
39424 1597706359104183606
39936 1597706359114769407
40448 1597706359125356764
40960 1597706359135929566
41472 1597706359146513738
41984 1597706359157091391
42496 1597706359167675989
43008 1597706359178250679
43520 1597706359188833981
44032 1597706359199415653
44544 1597706359209994380
45056 1597706359220575033
45568 1597706359231156464
46080 1597706359241772765
46592 1597706359252322419
47104 1597706359262908980
47616 1597706359273486115
0 1597706359294677773
512 1597706359305261926
1024 1597706359315810469
1536 1597706359326391363
2048 1597706359336957276
2560 1597706359347515930
3072 1597706359358095490
3584 1597706359368693514
4096 1597706359379252723
4608 1597706359389832932
5120 1597706359400413085
5632 1597706359410995387
6144 1597706359421581244
6656 1597706359432249729
7168 1597706359442783013
7680 1597706359453362111
8192 1597706359463943264
8704 1597706359474527010
9216 1597706359485107849
9728 1597706359495780871
10240 1597706359506270563
10752 1597706359516848716
11264 1597706359527444091
11776 1597706359538040578
12288 1597706359548595676
12800 1597706359559176070
13312 1597706359569758131
13824 1597706359580335062
14336 1597706359590916697
14848 1597706359601498554
15360 1597706359612079485
15872 1597706359622667768
16384 1597706359633261329
16896 1597706359643823593
17408 1597706359654409284
17920 1597706359664990937
18432 1597706359675572424
18944 1597706359686153151
19456 1597706359696764804
19968 1597706359707313939
20480 1597706359717891648
20992 1597706359728472857
21504 1597706359739059936
22016 1597706359749635905
22528 1597706359760216947
23040 1597706359770800045
23552 1597706359781378328
24064 1597706359791959407
24576 1597706359802540727
25088 1597706359813127251
25600 1597706359823741052
26112 1597706359834321483
26624 1597706359844875729
27136 1597706359855451160
27648 1597706359866028795
28160 1597706359876626522
28672 1597706359887353544
29184 1597706359897778626
29696 1597706359908357186
30208 1597706359918937247
30720 1597706359929517123
31232 1597706359940098998
31744 1597706359950681855
32256 1597706359961258861
32768 1597706359971839847
33280 1597706359982426723
33792 1597706359993010617
34304 1597706360003586622
34816 1597706360014168775
35328 1597706360024757910
35840 1597706360035332212
36352 1597706360045913865
36864 1597706360056505907
37376 1597706360067071635
37888 1597706360077652566
38400 1597706360088279256
38912 1597706360098815169
39424 1597706360109395712
39936 1597706360119986383
40448 1597706360130558500
40960 1597706360141138431
41472 1597706360151721140
41984 1597706360162304905
42496 1597706360172895891
43008 1597706360183465211
43520 1597706360194049161
44032 1597706360204631592
44544 1597706360215213616
45056 1597706360225791140
45568 1597706360236369071
46080 1597706360246961891
46592 1597706360257546766
47104 1597706360268117957
47616 1597706360278812701
0 1597706360299886639
512 1597706360310458293
1024 1597706360321025002
1536 1597706360331603451
2048 1597706360342189086
2560 1597706360352766832
3072 1597706360364870222
3584 1597706360373894714
4096 1597706360384472701
4608 1597706360395056909
5120 1597706360405639637
5632 1597706360416213327
6144 1597706360426800777
6656 1597706360437377338
7168 1597706360447955473
7680 1597706360458539367
8192 1597706360469159649
8704 1597706360479769765
9216 1597706360490330271
9728 1597706360500902591
10240 1597706360511482948
10752 1597706360522063916
11264 1597706360532647607
11776 1597706360543243408
12288 1597706360553808821
12800 1597706360564423252
13312 1597706360574975813
13824 1597706360585555337
14336 1597706360596139583
14848 1597706360606718329
15360 1597706360617295593
15872 1597706360627885413
16384 1597706360638457215
16896 1597706360649040998
17408 1597706360659626373
17920 1597706360670277970
18432 1597706360680784773
18944 1597706360691364352
19456 1597706360701948487
19968 1597706360712526733
20480 1597706360723108535
20992 1597706360733765002
21504 1597706360744280952
22016 1597706360754858532
22528 1597706360765433704
23040 1597706360776019209
23552 1597706360786601992
24064 1597706360797179386
24576 1597706360807759095
25088 1597706360818343341
25600 1597706360828920735
26112 1597706360839502278
26624 1597706360850083153
27136 1597706360860661973
27648 1597706360871277071
28160 1597706360881827410
28672 1597706360892410174
29184 1597706360902988883
29696 1597706360913571481
30208 1597706360924150486
30720 1597706360934780528
31232 1597706360945326608
31744 1597706360955898946
32256 1597706360966476304
32768 1597706360977087049
33280 1597706360987644295
33792 1597706360998222282
34304 1597706361008800491
34816 1597706361019383737
35328 1597706361029958761
35840 1597706361040545118
36352 1597706361051125901
36864 1597706361061740258
37376 1597706361072292338
37888 1597706361082878843
38400 1597706361093450904
38912 1597706361104032076
39424 1597706361114616303
39936 1597706361125335214
40448 1597706361135778907
40960 1597706361146360338
41472 1597706361156943732
41984 1597706361167522719
42496 1597706361178100298
43008 1597706361188684378
43520 1597706361199265050
44032 1597706361209845629
44544 1597706361220429005
45056 1597706361231007491
45568 1597706361241591348
46080 1597706361252172002
46592 1597706361262758526
47104 1597706361273329364
47616 1597706361283916129
0 1597706361305061788
512 1597706361315618664
1024 1597706361326241169
1536 1597706361336781304
2048 1597706361347362717
2560 1597706361357941019
3072 1597706361368528135
3584 1597706361379103807
4096 1597706361389896994
4608 1597706361400312761
5120 1597706361410887767
5632 1597706361421467309
6144 1597706361432053166
6656 1597706361442637819
7168 1597706361453217528
7680 1597706361463793978
8192 1597706361474377798
8704 1597706361484961007
9216 1597706361495546142
9728 1597706361506123222
10240 1597706361516813670
10752 1597706361527283769
11264 1597706361537866793
11776 1597706361548445169
12288 1597706361559025470
12800 1597706361569609309
13312 1597706361580187888
13824 1597706361590768060
14336 1597706361601350029
14848 1597706361611929534
15360 1597706361622519298
15872 1597706361633097396
16384 1597706361643673494
16896 1597706361654289740
17408 1597706361664843394
17920 1597706361675421695
18432 1597706361686001404
18944 1597706361696584058
19456 1597706361707175044
19968 1597706361717767735
20480 1597706361728322740
20992 1597706361738912079
21504 1597706361749486510
22016 1597706361760068238
22528 1597706361770651613
23040 1597706361781250248
23552 1597706361791809124
24064 1597706361802391537
24576 1597706361812977135
25088 1597706361823554899
25600 1597706361834134571
26112 1597706361844722021
26624 1597706361855301082
27136 1597706361865880291
27648 1597706361876472481
28160 1597706361887045338
28672 1597706361897622807
29184 1597706361908274774
29696 1597706361918787076
30208 1597706361929365989
30720 1597706361939948050
31232 1597706361950528333
31744 1597706361961109987
32256 1597706361971774009
32768 1597706361982276738
33280 1597706361992858391
33792 1597706362003435082
34304 1597706362014017661
34816 1597706362024601648
35328 1597706362035182764
35840 1597706362045763251
36352 1597706362056344886
36864 1597706362066919892
37376 1597706362077509323
37888 1597706362088096087
38400 1597706362098665667
38912 1597706362109269172
39424 1597706362119834400
39936 1597706362130409590
40448 1597706362140995429
40960 1597706362151575712
41472 1597706362162154106
41984 1597706362172785426
42496 1597706362183314321
43008 1597706362193898271
43520 1597706362204483535
44032 1597706362215062800
44544 1597706362225646916
45056 1597706362236225662
45568 1597706362246809538
46080 1597706362257389877
46592 1597706362267965364
47104 1597706362278548535
47616 1597706362289130004
0 1597706362310319829
512 1597706362320837243
1024 1597706362331411026
1536 1597706362341994494
2048 1597706362352574499
2560 1597706362363343354
3072 1597706362373759621
3584 1597706362384345200
4096 1597706362394921132
4608 1597706362405501507
5120 1597706362416185807
5632 1597706362426712073
6144 1597706362437291467
6656 1597706362447869973
7168 1597706362458449811
7680 1597706362469032298
8192 1597706362479616303
8704 1597706362490202234
9216 1597706362500775981
9728 1597706362511356171
10240 1597706362521939991
10752 1597706362532517182
11264 1597706362543103261
11776 1597706362553679563
12288 1597706362564336012
12800 1597706362574846555
13312 1597706362585427227
13824 1597706362596008084
14336 1597706362606591553
14848 1597706362617169465
15360 1597706362627788100
15872 1597706362638330939
16384 1597706362648911778
16896 1597706362659493265
17408 1597706362670073363
17920 1597706362680652923
18432 1597706362691235133
18944 1597706362701816230
19456 1597706362712397625
19968 1597706362722978556
20480 1597706362733564450
20992 1597706362744151289
21504 1597706362754831737
22016 1597706362765309966
22528 1597706362775892675
23040 1597706362786471829
23552 1597706362797057408
24064 1597706362807630710
24576 1597706362818210437
25088 1597706362828792276
25600 1597706362839375281
26112 1597706362849958972
26624 1597706362860539551
27136 1597706362871121612
27648 1597706362881696618
28160 1597706362892283845
28672 1597706362902860054
29184 1597706362913444263
29696 1597706362924022398
30208 1597706362934606274
30720 1597706362945189687
31232 1597706362955780747
31744 1597706362966347734
32256 1597706362976931536
32768 1597706362987511875
33280 1597706362998096121
33792 1597706363008672274
34304 1597706363019284742
34816 1597706363029848229
35328 1597706363040415476
35840 1597706363050999944
36352 1597706363061579098
36864 1597706363072157881
37376 1597706363082739979
37888 1597706363093322558
38400 1597706363103909138
38912 1597706363114477402
39424 1597706363125075685
39936 1597706363135650543
40448 1597706363146296547
40960 1597706363156815109
41472 1597706363167391318
41984 1597706363177972583
42496 1597706363188556755
43008 1597706363199137575
43520 1597706363209793264
44032 1597706363220298438
44544 1597706363230880369
45056 1597706363241465208
45568 1597706363252042991
46080 1597706363262629311
46592 1597706363273202631
47104 1597706363283783655
47616 1597706363294366420
0 1597706363315555060
512 1597706363327690949
1024 1597706363336649349
1536 1597706363347241781
2048 1597706363357808545
2560 1597706363368393754
3072 1597706363378971204
3584 1597706363389551284
4096 1597706363400135345
4608 1597706363410743961
5120 1597706363421293263
5632 1597706363431921934
6144 1597706363442501329
6656 1597706363453083001
7168 1597706363463663951
7680 1597706363474311455
8192 1597706363484832813
8704 1597706363495417893
9216 1597706363505996787
9728 1597706363516570200
10240 1597706363527156298
10752 1597706363537759580
11264 1597706363548315086
11776 1597706363558895258
12288 1597706363569477190
12800 1597706363580059028
13312 1597706363590641034
13824 1597706363601371352
14336 1597706363611805415
14848 1597706363622388513
15360 1597706363632964018
15872 1597706363643547690
16384 1597706363654127603
16896 1597706363664709886
17408 1597706363675291169
17920 1597706363685873212
18432 1597706363696458476
18944 1597706363707034649
19456 1597706363717613821
19968 1597706363728199530
20480 1597706363738784072
20992 1597706363749356355
21504 1597706363759943083
22016 1597706363770519514
22528 1597706363781101983
23040 1597706363791680562
23552 1597706363802299234
24064 1597706363812846184
24576 1597706363823426226
25088 1597706363834010732
25600 1597706363844591089
26112 1597706363855172613
26624 1597706363865796803
27136 1597706363876339050
27648 1597706363886920036
28160 1597706363897491005
28672 1597706363908077566
29184 1597706363918655738
29696 1597706363929237373
30208 1597706363939820638
30720 1597706363950399939
31232 1597706363960982315
31744 1597706363971562061
32256 1597706363982145085
32768 1597706363992839533
33280 1597706364003309485
33792 1597706364013890324
34304 1597706364024475403
34816 1597706364035054205
35328 1597706364045636488
35840 1597706364056215216
36352 1597706364066793203
36864 1597706364077388226
37376 1597706364087958250
37888 1597706364098538737
38400 1597706364109118965
38912 1597706364119778803
39424 1597706364130283309
39936 1597706364140862630
40448 1597706364151445894
40960 1597706364162033696
41472 1597706364172608350
41984 1597706364183186966
42496 1597706364193785749
43008 1597706364204356440
43520 1597706364214933279
44032 1597706364225516136
44544 1597706364236097734
45056 1597706364246692295
45568 1597706364257279467
46080 1597706364267835639
46592 1597706364278420459
47104 1597706364289002502
47616 1597706364299580989
0 1597706364320783870
512 1597706364332865185
1024 1597706364341861474
1536 1597706364352440406
2048 1597706364363034948
2560 1597706364373605787
3072 1597706364384294717
3584 1597706364394769668
4096 1597706364405350711
4608 1597706364415933049
5120 1597706364426514407
5632 1597706364437142930
6144 1597706364447818471
6656 1597706364458299274
7168 1597706364468880669
7680 1597706364479461267
8192 1597706364490057290
8704 1597706364500624481
9216 1597706364511208079
9728 1597706364521785659
10240 1597706364532366997
10752 1597706364542947021
11264 1597706364553532490
11776 1597706364564110014
12288 1597706364574696130
12800 1597706364585296061
13312 1597706364595856308
13824 1597706364606438406
14336 1597706364617024059
14848 1597706364627603861
15360 1597706364638180015
15872 1597706364648799242
16384 1597706364659343044
16896 1597706364669923790
17408 1597706364680503388
17920 1597706364691084653
18432 1597706364701667066
18944 1597706364712247331
19456 1597706364722829355
19968 1597706364733412971
20480 1597706364743995680
20992 1597706364754576704
21504 1597706364765164969
22016 1597706364775759418
22528 1597706364786319628
23040 1597706364796899652
23552 1597706364807479398
24064 1597706364818062589
24576 1597706364828642613
25088 1597706364839356116
25600 1597706364849805327
26112 1597706364860384999
26624 1597706364870973468
27136 1597706364881555492
27648 1597706364902715614
28160 1597706364913289786
28672 1597706364923872995
29184 1597706364934455797
29696 1597706364945036969
30208 1597706364955617771
30720 1597706364966197813
31232 1597706364976778763
31744 1597706364987364157
32256 1597706364997944163
32768 1597706365008522205
33280 1597706365019102674
33792 1597706365029792307
34304 1597706365040307702
34816 1597706365050844857
35328 1597706365061432825
35840 1597706365072008220
36352 1597706365082591373
36864 1597706365093174730
37376 1597706365103782513
37888 1597706365114337908
38400 1597706365124927210
38912 1597706365135499678
39424 1597706365146079388
39936 1597706365156662374
40448 1597706365167239973
40960 1597706365177821015
41472 1597706365188400872
41984 1597706365198984304
42496 1597706365209563513
43008 1597706365220145037
43520 1597706365230833263
44032 1597706365241313400
44544 1597706365251895813
45056 1597706365262474170
45568 1597706365273051435
46080 1597706365283632403
46592 1597706365294213298
47104 1597706365304803210
47616 1597706365315376142
0 1597706365338123944
512 1597706365347079622
1024 1597706365357660461
1536 1597706365368242689
2048 1597706365378816120
2560 1597706365389399348
3072 1597706365399979316
3584 1597706365410560155
4096 1597706365421145253
4608 1597706365431760610
5120 1597706365442358134
5632 1597706365452932139
6144 1597706365463513682
6656 1597706365474094947
7168 1597706365484678248
7680 1597706365495284235
8192 1597706365505854722
8704 1597706365516421135
9216 1597706365527005029
9728 1597706365537581554
10240 1597706365548162115
10752 1597706365558743657
11264 1597706365569325477
11776 1597706365579908168
12288 1597706365590485914
12800 1597706365601068698
13312 1597706365611650055
13824 1597706365622300467
14336 1597706365632829066
14848 1597706365643394756
15360 1597706365653974781
15872 1597706365664561490
16384 1597706365675140384
16896 1597706365685800203
17408 1597706365696301358
17920 1597706365706888252
18432 1597706365717459517
18944 1597706365728043819
19456 1597706365738636287
19968 1597706365749207200
20480 1597706365759791576
20992 1597706365770368341
21504 1597706365780948217
22016 1597706365791530556
22528 1597706365802110672
23040 1597706365812693826
23552 1597706365823290109
24064 1597706365833855744
24576 1597706365844443268
25088 1597706365855020829
25600 1597706365865598650
26112 1597706365876187673
26624 1597706365886832696
27136 1597706365897351258
27648 1597706365907924227
28160 1597706365918503955
28672 1597706365929086164
29184 1597706365939708021
29696 1597706365950250767
30208 1597706365960829606
30720 1597706365971412556
31232 1597706365981992154
31744 1597706365992577956
32256 1597706366003158573
32768 1597706366013761170
33280 1597706366024368713
33792 1597706366034929644
34304 1597706366045483669
34816 1597706366056067637
35328 1597706366066641958
35840 1597706366077367368
36352 1597706366087805543
36864 1597706366098386974
37376 1597706366108966147
37888 1597706366119549596
38400 1597706366130128639
38912 1597706366140714089
39424 1597706366151290743
39936 1597706366161875285
40448 1597706366172454624
40960 1597706366183035815
41472 1597706366193616654
41984 1597706366204202733
42496 1597706366214781813
43008 1597706366225358726
43520 1597706366235943268
44032 1597706366246532181
44544 1597706366257108520
45056 1597706366267687878
45568 1597706366278295012
46080 1597706366288848166
46592 1597706366299429857
47104 1597706366310011344
47616 1597706366320596183
0 1597706366341914340
512 1597706366352291645
1024 1597706366362876113
1536 1597706366373456822
2048 1597706366384034643
2560 1597706366394620185
3072 1597706366405207061
3584 1597706366415776548
4096 1597706366426360776
4608 1597706366436941652
5120 1597706366447569120
5632 1597706366458148755
6144 1597706366468834759
6656 1597706366479311581
7168 1597706366489901012
7680 1597706366500471592
8192 1597706366511053412
8704 1597706366521642677
9216 1597706366532215831
9728 1597706366542796207
10240 1597706366553379286
10752 1597706366563958570
11264 1597706366574543556
11776 1597706366585125266
12288 1597706366595708068
12800 1597706366606289203
13312 1597706366616867301
13824 1597706366627455473
14336 1597706366638031479
14848 1597706366648610984
15360 1597706366659192545
15872 1597706366669780736
16384 1597706366680354779
16896 1597706366690932414
17408 1597706366701515623
17920 1597706366712095980
18432 1597706366722680578
18944 1597706366733257010
19456 1597706366743843275
19968 1597706366754424188
20480 1597706366765005156
20992 1597706366775586532
21504 1597706366786171926
22016 1597706366796752321
22528 1597706366807332234
23040 1597706366817907813
23552 1597706366828491356
24064 1597706366839071750
24576 1597706366849650682
25088 1597706366860298872
25600 1597706366870819545
26112 1597706366881395032
26624 1597706366891975593
27136 1597706366902560876
27648 1597706366913151048
28160 1597706366923806516
28672 1597706366934306856
29184 1597706366944886806
29696 1597706366955466904
30208 1597706366966047576
30720 1597706366976630063
31232 1597706366987210532
31744 1597706366997791241
32256 1597706367008373635
32768 1597706367018952622
33280 1597706367029547313
33792 1597706367040122096
34304 1597706367050694713
34816 1597706367061290533
35328 1597706367071856854
35840 1597706367082436674
36352 1597706367093019198
36864 1597706367103599593
37376 1597706367114186765
37888 1597706367124814733
38400 1597706367135346795
38912 1597706367145928819
39424 1597706367156508936
39936 1597706367167089108
40448 1597706367177668095
40960 1597706367188251045
41472 1597706367198830439
41984 1597706367209411408
42496 1597706367219992710
43008 1597706367230578049
43520 1597706367241159832
44032 1597706367251759004
44544 1597706367262324269
45056 1597706367272895590
45568 1597706367283481984
46080 1597706367294061101
46592 1597706367304650347
47104 1597706367315369887
47616 1597706367325810895
0 1597706367347001350
512 1597706367357508746
1024 1597706367368095011
1536 1597706367378668072
2048 1597706367389251818
2560 1597706367399828657
3072 1597706367410409811
3584 1597706367420993094
4096 1597706367431574470
4608 1597706367442153772
5120 1597706367452795110
5632 1597706367463369375
6144 1597706367473945288
6656 1597706367484529757
7168 1597706367495114762
7680 1597706367505692397
8192 1597706367516301180
8704 1597706367526859464
9216 1597706367537444062
9728 1597706367548013512
10240 1597706367558594055
10752 1597706367569174672
11264 1597706367579810695
11776 1597706367590339683
12288 1597706367600919096
12800 1597706367611499435
13312 1597706367622087274
13824 1597706367632662464
14336 1597706367643248674
14848 1597706367653825809
15360 1597706367664411981
15872 1597706367675000135
16384 1597706367685577270
16896 1597706367696152850
17408 1597706367706835039
17920 1597706367717314916
18432 1597706367727892663
18944 1597706367738478724
19456 1597706367749055192
19968 1597706367759638642
20480 1597706367770221796
20992 1597706367780805024
21504 1597706367791379863
22016 1597706367801965405
22528 1597706367812546355
23040 1597706367823124157
23552 1597706367833705719
24064 1597706367844342223
24576 1597706367854872600
25088 1597706367865450643
25600 1597706367876040759
26112 1597706367886614820
26624 1597706367897198437
27136 1597706367907786683
27648 1597706367918353485
28160 1597706367928936917
28672 1597706367939519015
29184 1597706367950099613
29696 1597706367960687137
30208 1597706367971279235
30720 1597706367981844130
31232 1597706367992428228
31744 1597706368003006086
32256 1597706368013588239
32768 1597706368024166800
33280 1597706368034758639
33792 1597706368045332126
34304 1597706368055913188
34816 1597706368066492619
35328 1597706368077076069
35840 1597706368087654982
36352 1597706368098297728
36864 1597706368108820253
37376 1597706368119400999
37888 1597706368129981227
38400 1597706368140560270
38912 1597706368151144646
39424 1597706368161801706
39936 1597706368172304027
40448 1597706368182886311
40960 1597706368193469576
41472 1597706368204048303
41984 1597706368214628105
42496 1597706368225213037
43008 1597706368235793691
43520 1597706368246378104
44032 1597706368256958924
44544 1597706368267539448
45056 1597706368278117102
45568 1597706368288697700
46080 1597706368299304187
46592 1597706368309871934
47104 1597706368320444069
47616 1597706368331021519
0 1597706368352196493
512 1597706368362756666
1024 1597706368373307764
1536 1597706368383883270
2048 1597706368394465461
2560 1597706368405047911
3072 1597706368415628046
3584 1597706368426209811
4096 1597706368436795761
4608 1597706368447378674
5120 1597706368458000587
5632 1597706368468582574
6144 1597706368479162246
6656 1597706368489780436
7168 1597706368500321109
7680 1597706368510904374
8192 1597706368521486213
8704 1597706368532064515
9216 1597706368542646354
9728 1597706368553367561
10240 1597706368563813680
10752 1597706368574393204
11264 1597706368584974710
11776 1597706368595557863
12288 1597706368606138036
12800 1597706368616718375
13312 1597706368627307139
13824 1597706368637878479
14336 1597706368648460003
14848 1597706368659041693
15360 1597706368669621144
15872 1597706368680203279
16384 1597706368690793192
16896 1597706368701365123
17408 1597706368711947073
17920 1597706368722526320
18432 1597706368733114381
18944 1597706368743697516
19456 1597706368754322243
19968 1597706368764856472
20480 1597706368775437052
20992 1597706368786018779
21504 1597706368796599841
22016 1597706368807181883
22528 1597706368817780148
23040 1597706368828340821
23552 1597706368838926641
24064 1597706368849501221
24576 1597706368860087634
25088 1597706368870671843
25600 1597706368881249793
26112 1597706368891826206
26624 1597706368902409230
27136 1597706368912989421
27648 1597706368923569927
28160 1597706368934151229
28672 1597706368944840677
29184 1597706368955319147
29696 1597706368965900394
30208 1597706368976480010
30720 1597706368987060997
31232 1597706368997642485
31744 1597706369008220361
32256 1597706369018801903
32768 1597706369029383076
33280 1597706369039963378
33792 1597706369050550902
34304 1597706369061131407
34816 1597706369071708543
35328 1597706369082298659
35840 1597706369092869369
36352 1597706369103455949
36864 1597706369114030566
37376 1597706369124622404
37888 1597706369135198281
38400 1597706369145798601
38912 1597706369156363736
39424 1597706369166944538
39936 1597706369177520525
40448 1597706369188102198
40960 1597706369198683685
41472 1597706369209283746
41984 1597706369219845530
42496 1597706369230427054
43008 1597706369241013133
43520 1597706369251587084
44032 1597706369262174034
44544 1597706369272752651
45056 1597706369283333527
45568 1597706369293914014
46080 1597706369304497556
46592 1597706369315078488
47104 1597706369325660697
47616 1597706369336300758
0 1597706369357424492
512 1597706369367947350
1024 1597706369378520578
1536 1597706369389099417
2048 1597706369399744644
2560 1597706369410262169
3072 1597706369420840823
3584 1597706369431426255
4096 1597706369442003649
4608 1597706369452584563
5120 1597706369463215327
5632 1597706369473794240
6144 1597706369484380394
6656 1597706369494962955
7168 1597706369505543294
7680 1597706369516118725
8192 1597706369526703564
8704 1597706369537303903
9216 1597706369547862168
9728 1597706369558445693
10240 1597706369569025624
10752 1597706369579606352
11264 1597706369590190284
11776 1597706369600826363
12288 1597706369611350536
12800 1597706369621935986
13312 1597706369632511695
13824 1597706369643098405
14336 1597706369653700836
14848 1597706369664329248
15360 1597706369674842310
15872 1597706369685422057
16384 1597706369696004377
16896 1597706369706583179
17408 1597706369717162185
17920 1597706369727761598
18432 1597706369738326567
18944 1597706369748903869
19456 1597706369759487041
19968 1597706369770069121
20480 1597706369780648052
20992 1597706369791368593
21504 1597706369801818619
22016 1597706369812394347
22528 1597706369822973557
23040 1597706369833555729
23552 1597706369844136438
24064 1597706369854724796
24576 1597706369865299116
25088 1597706369875894270
25600 1597706369886464480
26112 1597706369897054318
26624 1597706369918212052
27136 1597706369928786650
27648 1597706369939367063
28160 1597706369949950606
28672 1597706369960534167
29184 1597706369971110377
29696 1597706369981689920
30208 1597706369992320758
30720 1597706370002860023
31232 1597706370013436844
31744 1597706370024019201
32256 1597706370034600744
32768 1597706370045180861
33280 1597706370055779904
33792 1597706370066336317
34304 1597706370076926860
34816 1597706370087503125
35328 1597706370098087019
35840 1597706370108666432
36352 1597706370119262308
36864 1597706370129830129
37376 1597706370140410061
37888 1597706370150994140
38400 1597706370161574294
38912 1597706370172151411
39424 1597706370182831156
39936 1597706370193318182
40448 1597706370203900225
40960 1597706370214482119
41472 1597706370225073402
41984 1597706370235642927
42496 1597706370246257358
43008 1597706370256811586
43520 1597706370267391129
44032 1597706370277964431
44544 1597706370288545307
45056 1597706370299129572
45568 1597706370309743818
46080 1597706370320291343
46592 1597706370330870423
47104 1597706370341453836
47616 1597706370352049971
0 1597706370373183927
512 1597706370383757192
1024 1597706370394323791
1536 1597706370404882427
2048 1597706370415463044
2560 1597706370426039994
3072 1597706370436621870
3584 1597706370447233023
4096 1597706370457782437
4608 1597706370468970322
5120 1597706370478984003
5632 1597706370489572898
6144 1597706370500147792
6656 1597706370510725909
7168 1597706370521310267
7680 1597706370531888495
8192 1597706370542468908
8704 1597706370553050358
9216 1597706370563663715
9728 1597706370574300257
10240 1597706370584799172
10752 1597706370595377918
11264 1597706370605960683
11776 1597706370616540522
12288 1597706370627128935
12800 1597706370637817402
13312 1597706370648281539
13824 1597706370658862119
14336 1597706370669442699
14848 1597706370680025112
15360 1597706370690606284
15872 1597706370701186697
16384 1597706370711771425
16896 1597706370722349709
17408 1597706370733025824
17920 1597706370743530257
18432 1597706370754091337
18944 1597706370764677954
19456 1597706370775275089
19968 1597706370785838428
20480 1597706370796422786
20992 1597706370807005143
21504 1597706370817580242
22016 1597706370828175618
22528 1597706370838785142
23040 1597706370849325240
23552 1597706370859905357
24064 1597706370870490363
24576 1597706370881066350
25088 1597706370891645486
25600 1597706370902225288
26112 1597706370912819978
26624 1597706370923398651
27136 1597706370933970397
27648 1597706370944555885
28160 1597706370955138261
28672 1597706370965735118
29184 1597706370976303031
29696 1597706370986882593
30208 1597706370997464895
30720 1597706371008034974
31232 1597706371018618721
31744 1597706371029335225
32256 1597706371039794066
32768 1597706371050365590
33280 1597706371060950651
33792 1597706371071525602
34304 1597706371082107793
34816 1597706371092692965
35328 1597706371103275248
35840 1597706371113868958
36352 1597706371124444519
36864 1597706371135019099
37376 1597706371145609142
37888 1597706371156175092
38400 1597706371166757728
38912 1597706371177355122
39424 1597706371187935554
39936 1597706371198501819
40448 1597706371209082343
40960 1597706371219757181
41472 1597706371230294132
41984 1597706371240830009
42496 1597706371251407570
43008 1597706371261994446
43520 1597706371272575211
44032 1597706371283151365
44544 1597706371293751704
45056 1597706371304318914
45568 1597706371314904438
46080 1597706371325493943
46592 1597706371336068227
47104 1597706371346637511
47616 1597706371357235664
0 1597706371379955078
512 1597706371388926886
1024 1597706371399506596
1536 1597706371410090972
2048 1597706371420788846
2560 1597706371431252169
3072 1597706371441830693
3584 1597706371452415884
4096 1597706371462996630
4608 1597706371473572062
5120 1597706371484331047
5632 1597706371494789684
6144 1597706371505365079
6656 1597706371515941492
7168 1597706371526527146
7680 1597706371537110559
8192 1597706371547683787
8704 1597706371558266496
9216 1597706371568847428
9728 1597706371579427137
10240 1597706371590017088
10752 1597706371600590556
11264 1597706371611171192
11776 1597706371621779031
12288 1597706371632335148
12800 1597706371642919468
13312 1597706371653500733
13824 1597706371664076758
14336 1597706371674660115
14848 1597706371685259843
15360 1597706371695824608
15872 1597706371706405799
16384 1597706371716985194
16896 1597706371727565644
17408 1597706371738157242
17920 1597706371748729156
18432 1597706371759308735
18944 1597706371769894686
19456 1597706371780469988
19968 1597706371791053494
20480 1597706371801636110
20992 1597706371812275652
21504 1597706371822816492
22016 1597706371833376702
22528 1597706371843962319
23040 1597706371854543972
23552 1597706371865129460
24064 1597706371875868130
24576 1597706371886289934
25088 1597706371896867959
25600 1597706371907449853
26112 1597706371918030303
26624 1597706371928607587
27136 1597706371939188889
27648 1597706371949770636
28160 1597706371960351197
28672 1597706371970935517
29184 1597706371981512949
29696 1597706371992129047
30208 1597706372002682924
30720 1597706372013275707
31232 1597706372023840676
31744 1597706372034424422
32256 1597706372045003539
32768 1597706372055585879
33280 1597706372066166644
33792 1597706372076798556
34304 1597706372087384932
34816 1597706372097906217
35328 1597706372108485982
35840 1597706372119077469
36352 1597706372129653253
36864 1597706372140230592
37376 1597706372150811135
37888 1597706372161396881
38400 1597706372171970387
38912 1597706372182551634
39424 1597706372193150250
39936 1597706372203740534
40448 1597706372214299151
40960 1597706372224888527
41472 1597706372235469977
41984 1597706372246058187
42496 1597706372256635841
43008 1597706372267333993
43520 1597706372277792575
44032 1597706372288365044
44544 1597706372298946549
45056 1597706372309527000
45568 1597706372320113987
46080 1597706372330692974
46592 1597706372341271721
47104 1597706372351853264
47616 1597706372362439788
0 1597706372383622873
512 1597706372394310488
1024 1597706372404737626
1536 1597706372415305280
2048 1597706372425888342
2560 1597706372436467311
3072 1597706372447048150
3584 1597706372457625748
4096 1597706372468253772
4608 1597706372478790556
5120 1597706372489374895
5632 1597706372501516674
6144 1597706372510584369
6656 1597706372521156931
7168 1597706372531754640
7680 1597706372542318794
8192 1597706372552904078
8704 1597706372563482380
9216 1597706372574064163
9728 1597706372584647113
10240 1597706372595231749
10752 1597706372605810347
11264 1597706372616408020
11776 1597706372626976822
12288 1597706372637550476
12800 1597706372648134926
13312 1597706372658810449
13824 1597706372669295530
14336 1597706372679877573
14848 1597706372690454875
15360 1597706372701037955
15872 1597706372711621628
16384 1597706372722205022
16896 1597706372732964414
17408 1597706372743365997
17920 1597706372753939484
18432 1597706372764524435
18944 1597706372775113311
19456 1597706372785697594
19968 1597706372796270896
20480 1597706372806848902
20992 1597706372817435112
21504 1597706372828011414
22016 1597706372838593864
22528 1597706372849170611
23040 1597706372859768820
23552 1597706372870340104
24064 1597706372880942424
24576 1597706372891498004
25088 1597706372902077695
25600 1597706372912665071
26112 1597706372923269318
26624 1597706372933821342
27136 1597706372944414515
27648 1597706372954990965
28160 1597706372965567471
28672 1597706372976152773
29184 1597706372986726649
29696 1597706372997327470
30208 1597706373007894809
30720 1597706373018470870
31232 1597706373029057228
31744 1597706373039630141
32256 1597706373050274887
32768 1597706373060801116
33280 1597706373071383270
33792 1597706373081959054
34304 1597706373092542522
34816 1597706373103148435
35328 1597706373113787625
35840 1597706373124357094
36352 1597706373134871268
36864 1597706373145455163
37376 1597706373156044705
37888 1597706373166613786
38400 1597706373177198236
38912 1597706373187780834
39424 1597706373198350007
39936 1597706373208943253
40448 1597706373219516741
40960 1597706373230097858
41472 1597706373240678438
41984 1597706373251273017
42496 1597706373261845894
43008 1597706373272420974
43520 1597706373283009757
44032 1597706373293586837
44544 1597706373304162325
45056 1597706373314798237
45568 1597706373325336484
46080 1597706373335914453
46592 1597706373346497311
47104 1597706373357079280
47616 1597706373367685915
0 1597706373388839945
512 1597706373399402766
1024 1597706373409980846
1536 1597706373420523945
2048 1597706373431099396
2560 1597706373441720623
3072 1597706373452265481
3584 1597706373462843117
4096 1597706373473425030
4608 1597706373484008017
5120 1597706373494593375
5632 1597706373505307934
6144 1597706373515757535
6656 1597706373526381522
7168 1597706373536952139
7680 1597706373547536293
8192 1597706373558110317
8704 1597706373568690416
9216 1597706373579280347
9728 1597706373589855631
10240 1597706373600437970
10752 1597706373611025939
11264 1597706373621616426
11776 1597706373632180654
12288 1597706373642780197
12800 1597706373653348333
13312 1597706373663927265
13824 1597706373674514881
14336 1597706373685088517
14848 1597706373695676189
15360 1597706373706288862
15872 1597706373716838831
16384 1597706373727418337
16896 1597706373738033342
17408 1597706373748568608
17920 1597706373759157762
18432 1597706373769758471
18944 1597706373780320440
19456 1597706373790902353
19968 1597706373801483544
20480 1597706373812066032
20992 1597706373822682056
21504 1597706373833243691
22016 1597706373843811938
22528 1597706373854397111
23040 1597706373864979265
23552 1597706373875564752
24064 1597706373886138702
24576 1597706373896804411
25088 1597706373907332417
25600 1597706373917879720
26112 1597706373928459929
26624 1597706373939047250
27136 1597706373949623886
27648 1597706373960222632
28160 1597706373970788194
28672 1597706373981366255
29184 1597706373991955668
29696 1597706374002532693
30208 1597706374013110643
30720 1597706374023691779
31232 1597706374034305173
31744 1597706374044862364
32256 1597706374055438500
32768 1597706374066015210
33280 1597706374076598382
33792 1597706374087180869
34304 1597706374097783097
34816 1597706374108340974
35328 1597706374118928406
35840 1597706374129504689
36352 1597706374140087917
36864 1597706374150665553
37376 1597706374161338521
37888 1597706374171827824
38400 1597706374182405923
38912 1597706374192987854
39424 1597706374203577027
39936 1597706374214151496
40448 1597706374224764816
40960 1597706374235315971
41472 1597706374245905569
41984 1597706374256483705
42496 1597706374267061636
43008 1597706374277645994
43520 1597706374288273277
44032 1597706374298801636
44544 1597706374309379697
45056 1597706374319964055
45568 1597706374330556172
46080 1597706374341127548
46592 1597706374351865311
47104 1597706374362290671
47616 1597706374372872529
0 1597706374394058855
512 1597706374404627232
1024 1597706374415217848
1536 1597706374425785262
2048 1597706374439397592
2560 1597706374446904163
3072 1597706374457479929
3584 1597706374468059027
4096 1597706374478641755
4608 1597706374489245113
5120 1597706374499806674
5632 1597706374510389180
6144 1597706374520973445
6656 1597706374531549785
7168 1597706374542170216
7680 1597706374552819017
8192 1597706374563337654
8704 1597706374573917845
9216 1597706374584498351
9728 1597706374595080690
10240 1597706374605657418
10752 1597706374616236239
11264 1597706374626831430
11776 1597706374637400491
12288 1597706374647987404
12800 1597706374658566188
13312 1597706374669140565
13824 1597706374679741644
14336 1597706374690308817
14848 1597706374700886082
15360 1597706374711470421
15872 1597706374722047872
16384 1597706374732631692
16896 1597706374743354067
17408 1597706374753801056
17920 1597706374764380840
18432 1597706374774965790
18944 1597706374785539278
19456 1597706374796120802
19968 1597706374806707419
20480 1597706374817283943
20992 1597706374827864283
21504 1597706374838476714
22016 1597706374849029202
22528 1597706374859612967
23040 1597706374870200380
23552 1597706374880770886
24064 1597706374891354114
24576 1597706374923107502
25088 1597706374933681675
25600 1597706374944309236
26112 1597706374954844631
26624 1597706374965429396
27136 1597706374976002921
27648 1597706374986589815
28160 1597706374997170340
28672 1597706375007763938
29184 1597706375018329778
29696 1597706375028910821
30208 1597706375039493827
30720 1597706375050074555
31232 1597706375060651413
31744 1597706375071232604
32256 1597706375081813610
32768 1597706375092394708
33280 1597706375102976270
33792 1597706375113568442
34304 1597706375124147096
34816 1597706375134810046
35328 1597706375145306405
35840 1597706375155885374
36352 1597706375166466157
36864 1597706375177047071
37376 1597706375187627540
37888 1597706375198220934
38400 1597706375208787940
38912 1597706375219368502
39424 1597706375229952304
39936 1597706375240541477
40448 1597706375251116464
40960 1597706375261699785
41472 1597706375272279661
41984 1597706375282856741
42496 1597706375293454562
43008 1597706375304020012
43520 1597706375314601944
44032 1597706375325183691
44544 1597706375335773752
45056 1597706375346346499
45568 1597706375356929635
46080 1597706375367692953
46592 1597706375378093850
47104 1597706375388663856
47616 1597706375399271917
0 1597706375420439855
512 1597706375430994195
1024 1597706375441578960
1536 1597706375452120800
2048 1597706375462702528
2560 1597706375473275775
3072 1597706375483858503
3584 1597706375494445583
4096 1597706375505022645
4608 1597706375515600077
5120 1597706375526245507
5632 1597706375536765737
6144 1597706375548894404
6656 1597706375557965933
7168 1597706375568549439
7680 1597706375579137630
8192 1597706375589869023
8704 1597706375600288364
9216 1597706375610874796
9728 1597706375621457561
10240 1597706375632032660
10752 1597706375642613147
11264 1597706375653226375
11776 1597706375663783770
12288 1597706375674394702
12800 1597706375684950152
13312 1597706375695528640
13824 1597706375706110757
14336 1597706375716686485
14848 1597706375727293194
15360 1597706375737886237
15872 1597706375748431947
16384 1597706375759004620
16896 1597706375769587404
17408 1597706375780175169
17920 1597706375790792841
18432 1597706375801338311
18944 1597706375811920798
19456 1597706375822493267
19968 1597706375833079884
20480 1597706375843661594
20992 1597706375854338098
21504 1597706375864822698
22016 1597706375875420148
22528 1597706375885988636
23040 1597706375896570308
23552 1597706375907145518
24064 1597706375917736450
24576 1597706375928313549
25088 1597706375938884555
25600 1597706375949469023
26112 1597706375960080325
26624 1597706375970642091
27136 1597706375981353261
27648 1597706375991808362
28160 1597706376002380386
28672 1597706376012960467
29184 1597706376023546584
29696 1597706376034125738
30208 1597706376044708021
30720 1597706376055308694
31232 1597706376065869441
31744 1597706376076449762
32256 1597706376087031138
32768 1597706376097608755
33280 1597706376108191854
33792 1597706376118779230
34304 1597706376129357958
34816 1597706376139937094
35328 1597706376150517211
35840 1597706376161102569
36352 1597706376171679890
36864 1597706376182296395
37376 1597706376192840735
37888 1597706376203420871
38400 1597706376214001951
38912 1597706376224589309
39424 1597706376235171796
39936 1597706376245787024
40448 1597706376256334549
40960 1597706376266937406
41472 1597706376277494042
41984 1597706376288073382
42496 1597706376298655165
43008 1597706376309234912
43520 1597706376319843473
44032 1597706376330395035
44544 1597706376340972356
45056 1597706376351556473
45568 1597706376362139516
46080 1597706376372819539
46592 1597706376383299121
47104 1597706376393881182
47616 1597706376404468966
0 1597706376425651552
512 1597706376436235576
1024 1597706376446809749
1536 1597706376457369552
2048 1597706376467953595
2560 1597706376478493379
3072 1597706376489076792
3584 1597706376499654206
4096 1597706376510238656
4608 1597706376520819051
5120 1597706376531399613
5632 1597706376541981248
6144 1597706376552562365
6656 1597706376563145223
7168 1597706376573759192
7680 1597706376584352994
8192 1597706376594931481
8704 1597706376605512876
9216 1597706376616084382
9728 1597706376626683795
10240 1597706376637297375
10752 1597706376647835511
11264 1597706376658409777
11776 1597706376668994116
12288 1597706376679578770
12800 1597706376690161961
13312 1597706376700737986
13824 1597706376711321047
14336 1597706376721897961
14848 1597706376732478911
15360 1597706376743068621
15872 1597706376753648071
16384 1597706376764300428
16896 1597706376774839694
17408 1597706376785394719
17920 1597706376795974854
18432 1597706376806555768
18944 1597706376817137292
19456 1597706376827870685
19968 1597706376838288749
20480 1597706376848869496
20992 1597706376859457798
21504 1597706376870035156
22016 1597706376880648809
22528 1597706376891205890
23040 1597706376901785359
23552 1597706376912365532
24064 1597706376922946482
24576 1597706376933528377
25088 1597706376944106494
25600 1597706376954692537
26112 1597706376965297765
26624 1597706376975853586
27136 1597706376986442277
27648 1597706376997019820
28160 1597706377007587252
28672 1597706377018171129
29184 1597706377028807430
29696 1597706377039340270
30208 1597706377049921332
30720 1597706377060506153
31232 1597706377071081177
31744 1597706377081664183
32256 1597706377092240597
32768 1597706377102826306
33280 1597706377113409942
33792 1597706377123992189
34304 1597706377134579528
34816 1597706377145159960
35328 1597706377155746373
35840 1597706377166315287
36352 1597706377176896015
36864 1597706377187472299
37376 1597706377198059213
37888 1597706377208632922
38400 1597706377219341315
38912 1597706377229801286
39424 1597706377240421033
39936 1597706377250981020
40448 1597706377261544897
40960 1597706377272122014
41472 1597706377282699687
41984 1597706377293302545
42496 1597706377303861866
43008 1597706377314449316
43520 1597706377325027285
44032 1597706377335609513
44544 1597706377346201112
45056 1597706377356771618
45568 1597706377367348921
46080 1597706377377937630
46592 1597706377388514914
47104 1597706377399128753
47616 1597706377409751795
