0 1597706334439503476
512 1597706334449961445
1024 1597706334460496098
1536 1597706334471010325
2048 1597706334481604644
2560 1597706334492162778
3072 1597706334502747985
3584 1597706334513328304
4096 1597706334523909345
4608 1597706334534488294
5120 1597706334545071057
5632 1597706334555652116
6144 1597706334566229602
6656 1597706334576813365
7168 1597706334587395610
7680 1597706334597974503
8192 1597706334608611784
8704 1597706334619143085
9216 1597706334629722904
9728 1597706334640306204
10240 1597706334650911948
10752 1597706334661465638
11264 1597706334672199751
11776 1597706334682628053
12288 1597706334693207409
12800 1597706334703788728
13312 1597706334714374473
13824 1597706334724965310
14336 1597706334735558925
14848 1597706334746116948
15360 1597706334756699377
15872 1597706334767317751
16384 1597706334777863385
16896 1597706334788438038
17408 1597706334799020690
17920 1597706334809649119
18432 1597706334820193346
18944 1597706335423457684
19456 1597706335434017411
19968 1597706335444601137
20480 1597706335455210067
20992 1597706335465758423
21504 1597706335476373297
22016 1597706335486927172
22528 1597706335497506787
23040 1597706335508083532
23552 1597706335518823811
24064 1597706335529245392
24576 1597706335539829211
25088 1597706335550409048
25600 1597706335560987811
26112 1597706335571573612
26624 1597706335582150801
27136 1597706335592765897
27648 1597706335603316253
28160 1597706335613893331
28672 1597706335624477373
29184 1597706335635060895
29696 1597706335645641992
30208 1597706335656227292
30720 1597706335666799648
31232 1597706335677382745
31744 1597706335687968749
32256 1597706335698543697
32768 1597706335709123164
33280 1597706335719764964
33792 1597706335730286450
34304 1597706335740869732
34816 1597706335751449921
35328 1597706335762030795
35840 1597706335772616133
36352 1597706335783192711
36864 1597706335793774234
37376 1597706335804357497
37888 1597706335814939093
38400 1597706335825521079
38912 1597706335836102879
39424 1597706335846684791
39936 1597706335857263943
40448 1597706335867840854
40960 1597706335878428210
41472 1597706335889009140
41984 1597706335899587904
42496 1597706335910278369
43008 1597706335920748078
43520 1597706335931329508
44032 1597706335941910605
44544 1597706335952492516
45056 1597706335963072780
45568 1597706335973653969
46080 1597706335984297731
46592 1597706335994821051
47104 1597706336005400851
47616 1597706336015978707
0 1597706336037172900
512 1597706336047726757
1024 1597706336058304946
1536 1597706336068884783
2048 1597706336079467306
2560 1597706336090698393
3072 1597706336100588222
3584 1597706336111207096
4096 1597706336121762675
4608 1597706336132334586
5120 1597706336142916757
5632 1597706336153494261
6144 1597706336164075339
6656 1597706336174675158
7168 1597706336185349642
7680 1597706336195868092
8192 1597706336206443040
8704 1597706336217021507
9216 1597706336227605585
9728 1597706336238185071
10240 1597706336248763723
10752 1597706336259345450
11264 1597706336269934583
11776 1597706336280513439
12288 1597706336291093517
12800 1597706336301741650
13312 1597706336312260988
13824 1597706336322833048
14336 1597706336333412830
14848 1597706336343995630
15360 1597706336354581968
15872 1597706336365242785
16384 1597706336375741883
16896 1597706336386324017
17408 1597706336396904855
17920 1597706336407492729
18432 1597706336418065307
18944 1597706336428645719
19456 1597706336439227760
19968 1597706336449810764
20480 1597706336460389453
20992 1597706336470970587
21504 1597706336481555832
22016 1597706336492135206
22528 1597706336502738340
23040 1597706336513297825
23552 1597706336523877867
24064 1597706336534463908
24576 1597706336545042764
25088 1597706336555622860
25600 1597706336566256327
26112 1597706336576788943
26624 1597706336587366317
27136 1597706336597946192
27648 1597706336608526677
28160 1597706336619106663
28672 1597706336629726425
29184 1597706336640273523
29696 1597706336650851805
30208 1597706336661432864
30720 1597706336672013424
31232 1597706336682594169
31744 1597706336693234524
32256 1597706336703757936
32768 1597706336714340607
33280 1597706336724922018
33792 1597706336735508078
34304 1597706336746084119
34816 1597706336756813510
35328 1597706336767244664
35840 1597706336777829409
36352 1597706336788406265
36864 1597706336798988769
37376 1597706336809571347
37888 1597706336820155685
38400 1597706336830743893
38912 1597706336841313045
39424 1597706336851893956
39936 1597706336862474146
40448 1597706336873057131
40960 1597706336883638543
41472 1597706336894258861
41984 1597706336904804866
42496 1597706336915384740
43008 1597706336925971059
43520 1597706336936546082
44032 1597706336947124215
44544 1597706336957774256
45056 1597706336968288187
45568 1597706336978867543
46080 1597706336989448880
46592 1597706337000031995
47104 1597706337010616036
47616 1597706337021200466
0 1597706337042382974
512 1597706337052938571
1024 1597706337063518039
1536 1597706337074101413
2048 1597706337084686010
2560 1597706337095263606
3072 1597706337107398476
3584 1597706337116386078
4096 1597706337126963990
4608 1597706337137546550
5120 1597706337148258626
5632 1597706337158709743
6144 1597706337169291395
6656 1597706337179873696
7168 1597706337190454089
7680 1597706337201033537
8192 1597706337211655948
8704 1597706337222237971
9216 1597706337232820345
9728 1597706337243397627
10240 1597706337253979928
10752 1597706337264562913
11264 1597706337275149695
11776 1597706337285725792
12288 1597706337296305093
12800 1597706337306916800
13312 1597706337317466490
13824 1597706337328048049
14336 1597706337338631665
14848 1597706337349234187
15360 1597706337359789766
15872 1597706337370372066
16384 1597706337380956200
16896 1597706337391538204
17408 1597706337402117782
17920 1597706337412732212
18432 1597706337423279105
18944 1597706337433859887
19456 1597706337444452595
19968 1597706337455031506
20480 1597706337465607659
20992 1597706337476189144
21504 1597706337486771426
22016 1597706337497349634
22528 1597706337507928898
23040 1597706337518512754
23552 1597706337529092591
24064 1597706337539746890
24576 1597706337550258507
25088 1597706337560851437
25600 1597706337571417478
26112 1597706337582001519
26624 1597706337592578727
27136 1597706337603257693
27648 1597706337613745828
28160 1597706337624335110
28672 1597706337634907966
29184 1597706337645487044
29696 1597706337656070622
30208 1597706337666646256
30720 1597706337677229964
31232 1597706337687808616
31744 1597706337698391639
32256 1597706337708972217
32768 1597706337719551943
33280 1597706337730135873
33792 1597706337740733581
34304 1597706337751295104
34816 1597706337761876960
35328 1597706337772460705
35840 1597706337783040876
36352 1597706337793670435
36864 1597706337804266420
37376 1597706337814814128
37888 1597706337825369725
38400 1597706337835946878
38912 1597706337846530437
39424 1597706337857109108
39936 1597706337867689853
40448 1597706337878272265
40960 1597706337888854621
41472 1597706337899439329
41984 1597706337910017036
42496 1597706337920597152
43008 1597706337931207618
43520 1597706337941758345
44032 1597706337952342979
44544 1597706337962922187
45056 1597706337973501654
45568 1597706337984081954
46080 1597706337994804308
46592 1597706338005253333
47104 1597706338015827133
47616 1597706338026413934
0 1597706338047596997
512 1597706338058152798
1024 1597706338068734951
1536 1597706338079313325
2048 1597706338089897552
2560 1597706338100476482
3072 1597706338111059153
3584 1597706338123188726
4096 1597706338132197772
4608 1597706338142763295
5120 1597706338153342670
5632 1597706338163923415
6144 1597706338174507604
6656 1597706338185087294
7168 1597706338195713353
7680 1597706338206255802
8192 1597706338216863121
8704 1597706338227452032
9216 1597706338238032703
9728 1597706338248612929
10240 1597706338259193119
10752 1597706338269779734
11264 1597706338280356701
11776 1597706338290937483
12288 1597706338301517765
12800 1597706338312099362
13312 1597706338322714051
13824 1597706338333261296
14336 1597706338343844522
14848 1597706338354431527
15360 1597706338365014531
15872 1597706338375594387
16384 1597706338386282204
16896 1597706338396754506
17408 1597706338407335511
17920 1597706338417913867
18432 1597706338428495019
18944 1597706338439082430
19456 1597706338449737119
19968 1597706338460239383
20480 1597706338470823091
20992 1597706338481400910
21504 1597706338491990007
22016 1597706338502562141
22528 1597706338513146589
23040 1597706338523726020
23552 1597706338534309413
24064 1597706338544890991
24576 1597706338555469217
25088 1597706338566049833
25600 1597706338576633633
26112 1597706338587238822
26624 1597706338597794530
27136 1597706338608373738
27648 1597706338618955150
28160 1597706338629538173
28672 1597706338640121566
29184 1597706338650724125
29696 1597706338661280944
30208 1597706338671862004
30720 1597706338682443842
31232 1597706338693025031
31744 1597706338703605702
32256 1597706338714187910
32768 1597706338724772488
33280 1597706338735353363
33792 1597706338745936274
34304 1597706338756513593
34816 1597706338767093653
35328 1597706338777746619
35840 1597706338788255069
36352 1597706338798834980
36864 1597706338809456688
37376 1597706338820000230
37888 1597706338830579475
38400 1597706338841239089
38912 1597706338851741687
39424 1597706338862328543
39936 1597706338872905343
40448 1597706338883486792
40960 1597706338894066740
41472 1597706338904652874
41984 1597706338915232175
42496 1597706338925813105
43008 1597706338936412868
43520 1597706338946977483
44032 1597706338957556914
44544 1597706338968134603
45056 1597706338978736996
45568 1597706338989304852
46080 1597706338999880356
46592 1597706339010466009
47104 1597706339021047087
47616 1597706339031624239
0 1597706339052771674
512 1597706339063328845
1024 1597706339073909979
1536 1597706339084495372
2048 1597706339095071562
2560 1597706339105652622
3072 1597706339116232070
3584 1597706339126815278
4096 1597706339137398856
4608 1597706339150498359
5120 1597706339158609549
5632 1597706339169206590
6144 1597706339179764799
6656 1597706339190343488
7168 1597706339200923307
7680 1597706339211501608
8192 1597706339222087742
8704 1597706339232814725
9216 1597706339243245676
9728 1597706339253829699
10240 1597706339264414388
10752 1597706339274995355
11264 1597706339285572971
11776 1597706339296154771
12288 1597706339306738979
12800 1597706339317317687
13312 1597706339327894525
13824 1597706339338482640
14336 1597706339349058830
14848 1597706339359639241
15360 1597706339370224690
15872 1597706339380801416
16384 1597706339391384883
16896 1597706339401967665
17408 1597706339412558262
17920 1597706339423136507
18432 1597706339433746011
18944 1597706339444393681
19456 1597706339454876298
19968 1597706339465455487
20480 1597706339476043806
20992 1597706339486615477
21504 1597706339497214185
22016 1597706339507774264
22528 1597706339518391638
23040 1597706339528940568
23552 1597706339539523276
24064 1597706339550101910
24576 1597706339560692248
25088 1597706339571262048
25600 1597706339581843590
26112 1597706339592422205
26624 1597706339603019987
27136 1597706339613592880
27648 1597706339624305030
28160 1597706339634751037
28672 1597706339645333967
29184 1597706339655946915
29696 1597706339666499901
30208 1597706339677086646
30720 1597706339687660058
31232 1597706339698240562
31744 1597706339708821955
32256 1597706339719404941
32768 1597706339729984649
33280 1597706339740564449
33792 1597706339751145083
34304 1597706339761727810
34816 1597706339772358702
35328 1597706339782890522
35840 1597706339793471563
36352 1597706339804053493
36864 1597706339814634905
37376 1597706339825236576
37888 1597706339835806376
38400 1597706339856990921
38912 1597706339867543982
39424 1597706339878120708
39936 1597706339888842099
40448 1597706339899283476
40960 1597706339909865943
41472 1597706339920448355
41984 1597706339931026544
42496 1597706339941606511
43008 1597706339952194053
43520 1597706339962771927
44032 1597706339973351302
44544 1597706339983933121
45056 1597706339994516829
45568 1597706340005096963
46080 1597706340015786539
46592 1597706340026261193
47104 1597706340036844624
47616 1597706340047426276
0 1597706340068569766
512 1597706340079154345
1024 1597706340089709849
1536 1597706340100284632
2048 1597706340110865710
2560 1597706340121451788
3072 1597706340132066533
3584 1597706340142611241
4096 1597706340153192597
4608 1597706340163773472
5120 1597706340174397716
5632 1597706340184976684
6144 1597706340195563577
6656 1597706340206138248
7168 1597706340216736641
7680 1597706340227301386
8192 1597706340237886353
8704 1597706340248472802
9216 1597706340259043380
9728 1597706340269625681
10240 1597706340280277388
10752 1597706340290785393
11264 1597706340301367990
11776 1597706340311948365
12288 1597706340322530443
12800 1597706340333110448
13312 1597706340343690618
13824 1597706340354307307
14336 1597706340364856868
14848 1597706340375441298
15360 1597706340386021358
15872 1597706340396606881
16384 1597706340407207792
16896 1597706340417762648
17408 1597706340428343838
17920 1597706340438926139
18432 1597706340449506865
18944 1597706340460095425
19456 1597706340470821427
19968 1597706340481249341
20480 1597706340491830493
20992 1597706340502413294
21504 1597706340512994132
22016 1597706340523575858
22528 1597706340534157010
23040 1597706340544739792
23552 1597706340555321426
24064 1597706340565930189
24576 1597706340576483213
25088 1597706340587064384
25600 1597706340597643110
26112 1597706340608225633
26624 1597706340618805823
27136 1597706340629387790
27648 1597706340639976627
28160 1597706340650549984
28672 1597706340661130377
29184 1597706340671761177
29696 1597706340682295033
30208 1597706340692877445
30720 1597706340703454524
31232 1597706340714036343
31744 1597706340724621643
32256 1597706340735221314
32768 1597706340745786152
33280 1597706340756364786
33792 1597706340766943586
34304 1597706340777530850
34816 1597706340788109002
35328 1597706340798704599
35840 1597706340809269140
36352 1597706340819851497
36864 1597706340830432001
37376 1597706340841019875
37888 1597706340851592732
38400 1597706340862281864
38912 1597706340872754981
39424 1597706340883337004
39936 1597706340893917878
40448 1597706340904501049
40960 1597706340915084757
41472 1597706340925663632
41984 1597706340936246007
42496 1597706340946829752
43008 1597706340957406700
43520 1597706340967985890
44032 1597706340978566783
44544 1597706340989147602
45056 1597706340999734921
45568 1597706341010332370
46080 1597706341020931466
46592 1597706341031497027
47104 1597706341042054698
47616 1597706341052636573
0 1597706341073822729
512 1597706341084342531
1024 1597706341094923720
1536 1597706341105500613
2048 1597706341116085507
2560 1597706341126700770
3072 1597706341137246738
3584 1597706341147827760
4096 1597706341158407320
4608 1597706341168987788
5120 1597706341181124027
5632 1597706341190190462
6144 1597706341200776615
6656 1597706341211352675
7168 1597706341221935901
7680 1597706341232513628
8192 1597706341243095632
8704 1597706341253743024
9216 1597706341264294455
9728 1597706341274842386
10240 1597706341285430872
10752 1597706341296046690
11264 1597706341306585973
11776 1597706341317242143
12288 1597706341327751963
12800 1597706341338326301
13312 1597706341348907157
13824 1597706341359490550
14336 1597706341370073573
14848 1597706341380651929
15360 1597706341391235063
15872 1597706341401818938
16384 1597706341412398313
16896 1597706341422975576
17408 1597706341433559932
17920 1597706341444141659
18432 1597706341454742367
18944 1597706341465303501
19456 1597706341475887394
19968 1597706341486466436
20480 1597706341497048033
20992 1597706341507635018
21504 1597706341518258707
22016 1597706341528789249
22528 1597706341539370976
23040 1597706341549952443
23552 1597706341560537855
24064 1597706341571116174
24576 1597706341581694327
25088 1597706341592275553
25600 1597706341602859076
26112 1597706341613486154
26624 1597706341624101843
27136 1597706341634678329
27648 1597706341645334665
28160 1597706341655781783
28672 1597706341666346583
29184 1597706341676927736
29696 1597706341687651331
30208 1597706341698071912
30720 1597706341708806839
31232 1597706341719232272
31744 1597706341729818221
32256 1597706341740390466
32768 1597706341750972581
33280 1597706341761553327
33792 1597706341772136220
34304 1597706341782714798
34816 1597706341794852390
35328 1597706341803922232
35840 1597706341814506570
36352 1597706341825088296
36864 1597706341835670227
37376 1597706341846251898
37888 1597706341856831809
38400 1597706341867409888
38912 1597706341877990503
39424 1597706341888573359
39936 1597706341899157660
40448 1597706341909772553
40960 1597706341920323983
41472 1597706341930899914
41984 1597706341941478159
42496 1597706341952063459
43008 1597706341962654556
43520 1597706341973245190
44032 1597706341983803769
44544 1597706341994399403
45056 1597706342004970222
45568 1597706342015553022
46080 1597706342026132360
46592 1597706342036715679
47104 1597706342047293184
47616 1597706342057872188
0 1597706342079063067
512 1597706342089617535
1024 1597706342100279316
1536 1597706342110736785
2048 1597706342121315215
2560 1597706342131898349
3072 1597706342142478724
3584 1597706342153057765
4096 1597706342163640751
4608 1597706342174248681
5120 1597706342184804853
5632 1597706342196936593
6144 1597706342206017416
6656 1597706342216590217
7168 1597706342227177999
7680 1597706342237752781
8192 1597706342248335471
8704 1597706342258919216
9216 1597706342269496387
9728 1597706342280077410
10240 1597706342290662137
10752 1597706342301258437
11264 1597706342311823960
11776 1597706342322406687
12288 1597706342332987358
12800 1597706342343567251
13312 1597706342354144126
13824 1597706342364751537
14336 1597706342375309394
14848 1597706342385894713
15360 1597706342396474403
15872 1597706342407059425
16384 1597706342417635226
16896 1597706342428219675
17408 1597706342438797013
17920 1597706342449377388
18432 1597706342459963966
18944 1597706342470547970
19456 1597706342481121679
19968 1597706342491765775
20480 1597706342502286595
20992 1597706342512867395
21504 1597706342523454177
22016 1597706342534030830
22528 1597706342544611853
23040 1597706342555273838
23552 1597706342565771362
24064 1597706342576354607
24576 1597706342586937111
25088 1597706342597560893
25600 1597706342608096268
26112 1597706342618677587
26624 1597706342629258703
27136 1597706342639846466
27648 1597706342650422249
28160 1597706342661002401
28672 1597706342671583591
29184 1597706342682169040
29696 1597706342692765247
30208 1597706342703327937
30720 1597706342713909534
31232 1597706342724505038
31744 1597706342735076006
32256 1597706342745654973
32768 1597706342756283625
33280 1597706342766816352
33792 1597706342777403431
34304 1597706342787979954
34816 1597706342798564551
35328 1597706342809140833
35840 1597706342819774300
36352 1597706342830303416
36864 1597706342840883031
37376 1597706342851464665
37888 1597706342862050410
38400 1597706342872627044
38912 1597706342883241659
39424 1597706342893795275
39936 1597706342904373743
40448 1597706342914954747
40960 1597706342925534400
41472 1597706342936118071
41984 1597706342946838777
42496 1597706342957279765
43008 1597706342967858047
43520 1597706342978438699
44032 1597706342989025093
44544 1597706342999602949
45056 1597706343010187120
45568 1597706343020765476
46080 1597706343031345684
46592 1597706343041926374
47104 1597706343052506527
47616 1597706343063088920
0 1597706343084343279
512 1597706343094841396
1024 1597706343105374142
1536 1597706343115950461
2048 1597706343126535225
2560 1597706343137115766
3072 1597706343147746566
3584 1597706343158276201
4096 1597706343168858835
4608 1597706343179436395
5120 1597706343190022807
5632 1597706343200603700
6144 1597706343211220630
6656 1597706343221782765
7168 1597706343232387417
7680 1597706343242951810
8192 1597706343253528241
8704 1597706343264102745
9216 1597706343274704805
9728 1597706343285275458
10240 1597706343295858777
10752 1597706343306439522
11264 1597706343317018582
11776 1597706343327599439
12288 1597706343338298237
12800 1597706343348767762
13312 1597706343359374081
13824 1597706343369916882
14336 1597706343380499220
14848 1597706343391082743
15360 1597706343401661377
15872 1597706343412249789
16384 1597706343422823997
16896 1597706343433404798
17408 1597706343443989487
17920 1597706343454575640
18432 1597706343465154478
18944 1597706343475735019
19456 1597706343486345597
19968 1597706343496926583
20480 1597706343507473162
20992 1597706343518104796
21504 1597706343528668504
22016 1597706343539257971
22528 1597706343549830661
23040 1597706343560409295
23552 1597706343570988948
24064 1597706343581567248
24576 1597706343592148068
25088 1597706343602767738
25600 1597706343613320947
26112 1597706343623893896
26624 1597706343634477771
27136 1597706343645060164
27648 1597706343655640094
28160 1597706343666216154
28672 1597706343676800622
29184 1597706343687383219
29696 1597706343697962630
30208 1597706343708542042
30720 1597706343719123862
31232 1597706343729772032
31744 1597706343740285593
32256 1597706343750866838
32768 1597706343761449342
33280 1597706343772033069
33792 1597706343782611722
34304 1597706343793264669
34816 1597706343803771842
35328 1597706343814356068
35840 1597706343824934443
36352 1597706343835520577
36864 1597706343846101563
37376 1597706343856682030
37888 1597706343867257368
38400 1597706343877840076
38912 1597706343888421747
39424 1597706343899001030
39936 1597706343909584164
40448 1597706343920168872
40960 1597706343930767543
41472 1597706343941329195
41984 1597706343951908681
42496 1597706343962489575
43008 1597706343973070264
43520 1597706343983654380
44032 1597706343994304143
44544 1597706344004848944
45056 1597706344015403041
45568 1597706344025980898
46080 1597706344036561717
46592 1597706344047141351
47104 1597706344057721078
47616 1597706344068301212
0 1597706344089494072
512 1597706344100049799
1024 1597706344110589638
1536 1597706344121200235
2048 1597706344131758480
2560 1597706344142310355
3072 1597706344152889119
3584 1597706344163471161
4096 1597706344174051850
4608 1597706344184775001
5120 1597706344195216230
5632 1597706344207365247
6144 1597706344216417664
6656 1597706344227000261
7168 1597706344237584321
7680 1597706344248162048
8192 1597706344258742645
8704 1597706344269323335
9216 1597706344279907395
9728 1597706344290485066
10240 1597706344301068144
10752 1597706344311647167
11264 1597706344322227579
11776 1597706344332810213
12288 1597706344343393310
12800 1597706344353972667
13312 1597706344364556708
13824 1597706344375138546
14336 1597706344385761383
14848 1597706344396299981
15360 1597706344406892948
15872 1597706344417461638
16384 1597706344428043143
16896 1597706344438624147
17408 1597706344449219911
17920 1597706344459786489
18432 1597706344470369383
18944 1597706344480948072
19456 1597706344491534577
19968 1597706344502111785
20480 1597706344512694808
20992 1597706344523275090
21504 1597706344533855187
22016 1597706344544442414
22528 1597706344555018937
23040 1597706344565597997
23552 1597706344576279407
24064 1597706344586763154
24576 1597706344597346473
25088 1597706344607926330
25600 1597706344618506464
26112 1597706344629091042
26624 1597706344639704361
27136 1597706344650250774
27648 1597706344660831667
28160 1597706344671409912
28672 1597706344681990954
29184 1597706344692573403
29696 1597706344703181018
30208 1597706344713744949
30720 1597706344724322342
31232 1597706344734900439
31744 1597706344745482407
32256 1597706344756063004
32768 1597706344766642212
33280 1597706344777239624
33792 1597706344787803332
34304 1597706344798386725
34816 1597706344808965174
35328 1597706344819548068
35840 1597706344830132646
36352 1597706344840754132
36864 1597706344851294674
37376 1597706344861873882
37888 1597706344872458516
38400 1597706344883046668
38912 1597706344893654339
39424 1597706344904212603
39936 1597706344914784404
40448 1597706344925364427
40960 1597706344935947043
41472 1597706344946526547
41984 1597706344957106867
42496 1597706344967753000
43008 1597706344978266394
43520 1597706344988847010
44032 1597706344999428866
44544 1597706345010014741
45056 1597706345020597190
45568 1597706345031263712
46080 1597706345041756106
46592 1597706345052335574
47104 1597706345062916004
47616 1597706345073499120
0 1597706345094688073
512 1597706345105244337
1024 1597706345117367855
1536 1597706345126364977
2048 1597706345136950944
2560 1597706345147532171
3072 1597706345158107824
3584 1597706345168705346
4096 1597706345179268888
4608 1597706345189849596
5120 1597706345200431879
5632 1597706345211015217
6144 1597706345221635220
6656 1597706345232265391
7168 1597706345242795174
7680 1597706345253377975
8192 1597706345264006275
8704 1597706345274543632
9216 1597706345285127229
9728 1597706345295704808
10240 1597706345306285664
10752 1597706345316889465
11264 1597706345327449988
11776 1597706345338028974
12288 1597706345348607812
12800 1597706345359204983
13312 1597706345369770580
13824 1597706345380350455
14336 1597706345390932626
14848 1597706345401518409
15360 1597706345412097506
15872 1597706345422815267
16384 1597706345433256700
16896 1597706345443841723
17408 1597706345454423598
17920 1597706345465006584
18432 1597706345475584663
18944 1597706345486168963
19456 1597706345496751746
19968 1597706345507328324
20480 1597706345517910662
20992 1597706345528489315
21504 1597706345539073597
22016 1597706345549713897
22528 1597706345560235291
23040 1597706345570814907
23552 1597706345581393245
24064 1597706345591975601
24576 1597706345602558865
25088 1597706345613137110
25600 1597706345623803225
26112 1597706345634331989
26624 1597706345644890420
27136 1597706345655466517
27648 1597706345666042615
28160 1597706345676627952
28672 1597706345687235179
29184 1597706345697794647
29696 1597706345708368522
30208 1597706345718949656
30720 1597706345729531642
31232 1597706345740116609
31744 1597706345750701169
32256 1597706345761275322
32768 1597706345771856882
33280 1597706345782437739
33792 1597706345793029669
34304 1597706345803599322
34816 1597706345814310454
35328 1597706345824766812
35840 1597706345835346909
36352 1597706345845933580
36864 1597706345856510622
37376 1597706345867090886
37888 1597706345877674001
38400 1597706345888250413
38912 1597706345898831529
39424 1597706345909410589
39936 1597706345919994853
40448 1597706345930577450
40960 1597706345941155158
41472 1597706345951736904
41984 1597706345962318667
42496 1597706345972898653
43008 1597706345983483047
43520 1597706345994060903
44032 1597706346004648797
44544 1597706346015253875
45056 1597706346025809380
45568 1597706346036393070
46080 1597706346046970074
46592 1597706346057555060
47104 1597706346068128695
47616 1597706346078734606
0 1597706346099903652
512 1597706346110457046
1024 1597706346121038773
1536 1597706346131617648
2048 1597706346142162949
2560 1597706346152741917
3072 1597706346163320607
3584 1597706346173906963
4096 1597706346184484542
4608 1597706346195067657
5120 1597706346205715031
5632 1597706346216226315
6144 1597706346226810449
6656 1597706346237498896
7168 1597706346248017235
7680 1597706346258592647
8192 1597706346269334557
8704 1597706346279758860
9216 1597706346290334476
9728 1597706346300916480
10240 1597706346311496411
10752 1597706346322079564
11264 1597706346332662439
11776 1597706346343240517
12288 1597706346353824948
12800 1597706346364406008
13312 1597706346374992142
13824 1597706346385572406
14336 1597706346396148318
14848 1597706346406750933
15360 1597706346417312938
15872 1597706346427895239
16384 1597706346438476373
16896 1597706346449055952
17408 1597706346459636438
17920 1597706346470273405
18432 1597706346480799151
18944 1597706346491378841
19456 1597706346501958845
19968 1597706346512540794
20480 1597706346523123391
20992 1597706346533703452
21504 1597706346544392843
22016 1597706346554873201
22528 1597706346565451113
23040 1597706346576032711
23552 1597706346586612974
24064 1597706346597205979
24576 1597706346607775706
25088 1597706346618354525
25600 1597706346628934252
26112 1597706346639518090
26624 1597706346650100743
27136 1597706346660815856
27648 1597706346671260048
28160 1597706346681841016
28672 1597706346692422780
29184 1597706346703015858
29696 1597706346713589511
30208 1597706346724166367
30720 1597706346734749798
31232 1597706346745330877
31744 1597706346755913826
32256 1597706346766491052
32768 1597706346777077538
33280 1597706346787656599
33792 1597706346798238455
34304 1597706346808814163
34816 1597706346819397723
35328 1597706346829984265
35840 1597706346840564621
36352 1597706346851141533
36864 1597706346861761574
37376 1597706346872302987
37888 1597706346882886343
38400 1597706346893465052
38912 1597706346904046464
39424 1597706346914632468
39936 1597706346925225788
40448 1597706346935793922
40960 1597706346946376408
41472 1597706346956967449
41984 1597706346967533306
42496 1597706346978114792
43008 1597706346988694278
43520 1597706346999276931
44032 1597706347009863676
44544 1597706347020443329
45056 1597706347031021741
45568 1597706347041602635
46080 1597706347052277156
46592 1597706347062766218
47104 1597706347073345537
47616 1597706347083927357
0 1597706347105116217
512 1597706347115683463
1024 1597706347126256523
1536 1597706347136837510
2048 1597706347147419607
2560 1597706347160383093
3072 1597706347168536876
3584 1597706347179116862
4096 1597706347189726570
4608 1597706347200278519
5120 1597706347210861394
5632 1597706347221441899
6144 1597706347232026200
6656 1597706347242602779
7168 1597706347253353151
7680 1597706347263811306
8192 1597706347274394347
8704 1597706347284973593
9216 1597706347295555116
9728 1597706347306135287
10240 1597706347316739773
10752 1597706347327301371
11264 1597706347337908412
11776 1597706347348456139
12288 1597706347359041736
12800 1597706347369618926
13312 1597706347380202542
13824 1597706347390783380
14336 1597706347401364199
14848 1597706347411946667
15360 1597706347422525079
15872 1597706347433106287
16384 1597706347443740976
16896 1597706347454302407
17408 1597706347464881190
17920 1597706347475438287
18432 1597706347486018847
18944 1597706347496597204
19456 1597706347507334595
19968 1597706347517764009
20480 1597706347528337977
20992 1597706347538917760
21504 1597706347549500394
22016 1597706347560087621
22528 1597706347570664996
23040 1597706347581245130
23552 1597706347591851264
24064 1597706347602409380
24576 1597706347612999144
25088 1597706347623569667
25600 1597706347634152579
26112 1597706347644751898
26624 1597706347655319384
27136 1597706347665894093
27648 1597706347676478209
28160 1597706347687060176
28672 1597706347697641403
29184 1597706347708270685
29696 1597706347718809375
30208 1597706347729386250
30720 1597706347739967477
31232 1597706347750545352
31744 1597706347761126357
32256 1597706347771708065
32768 1597706347782289051
33280 1597706347792875759
33792 1597706347803450172
34304 1597706347814031973
34816 1597706347824614236
35328 1597706347835205778
35840 1597706347845788134
36352 1597706347856363954
36864 1597706347866963384
37376 1597706347877522500
37888 1597706347888104949
38400 1597706347898816137
38912 1597706347909263385
39424 1597706347919851815
39936 1597706347930424616
40448 1597706347941006769
40960 1597706347951588625
41472 1597706347962167926
41984 1597706347972753912
42496 1597706347983336158
43008 1597706347993911440
43520 1597706348004495334
44032 1597706348015081171
44544 1597706348025658695
45056 1597706348036238977
45568 1597706348046822686
46080 1597706348057401931
46592 1597706348067980269
47104 1597706348078562440
47616 1597706348089141686
0 1597706348110366009
512 1597706348120889089
1024 1597706348131467742
1536 1597706348142052228
2048 1597706348152631103
2560 1597706348163226089
3072 1597706348173793797
3584 1597706348184335636
4096 1597706348194915918
4608 1597706348205497367
5120 1597706348216076668
5632 1597706348226662784
6144 1597706348237241770
6656 1597706348247820979
7168 1597706348258400743
7680 1597706348268985007
8192 1597706348279607511
8704 1597706348290279977
9216 1597706348300765946
9728 1597706348311347395
10240 1597706348321930900
10752 1597706348332509368
11264 1597706348343090298
11776 1597706348353697302
12288 1597706348364287529
12800 1597706348374865923
13312 1597706348385419687
13824 1597706348396007062
14336 1597706348406585400
14848 1597706348417160442
15360 1597706348427741261
15872 1597706348438322396
16384 1597706348448906456
16896 1597706348459485442
17408 1597706348470071465
17920 1597706348480648970
18432 1597706348491243919
18944 1597706348501810276
19456 1597706348512390540
19968 1597706348522982563
20480 1597706348533553586
20992 1597706348544140294
21504 1597706348554749947
22016 1597706348565302174
22528 1597706348575882049
23040 1597706348586462202
23552 1597706348597044558
24064 1597706348607620397
24576 1597706348618202846
25088 1597706348628787906
25600 1597706348639366429
26112 1597706348649946823
26624 1597706348660531420
27136 1597706348671108721
27648 1597706348681743206
28160 1597706348692271878
28672 1597706348702853031
29184 1597706348713434184
29696 1597706348724016763
30208 1597706348734599712
30720 1597706348745335659
31232 1597706348755761536
31744 1597706348766340133
32256 1597706348776923842
32768 1597706348787505698
33280 1597706348798084536
33792 1597706348808672245
34304 1597706348819246472
34816 1597706348829829884
35328 1597706348840407092
35840 1597706348850989930
36352 1597706348861571175
36864 1597706348872157532
37376 1597706348882752444
37888 1597706348893316338
38400 1597706348903894768
38912 1597706348914481884
39424 1597706348925062685
39936 1597706348935641745
40448 1597706348946264879
40960 1597706348956803236
41472 1597706348967382815
41984 1597706348977963653
42496 1597706348988546713
43008 1597706348999165365
43520 1597706349009780221
44032 1597706349020292764
44544 1597706349030870232
45056 1597706349041452014
45568 1597706349052035686
46080 1597706349062614505
46592 1597706349073205121
47104 1597706349083775478
47616 1597706349094359631
0 1597706349115546121
512 1597706349126109015
1024 1597706349136820870
1536 1597706349147270006
2048 1597706349157844770
2560 1597706349168427997
3072 1597706349179007502
3584 1597706349189588358
4096 1597706349200130475
4608 1597706349210712109
5120 1597706349221289521
5632 1597706349231874804
6144 1597706349242453679
6656 1597706349253045072
7168 1597706349263643243
7680 1597706349274247396
8192 1597706349284798920
8704 1597706349295428424
9216 1597706349306009243
9728 1597706349316584859
10240 1597706349327166419
10752 1597706349337770461
11264 1597706349348334558
11776 1597706349358911452
12288 1597706349369489790
12800 1597706349380074110
13312 1597706349390654948
13824 1597706349401276322
14336 1597706349411818957
14848 1597706349422402777
15360 1597706349432981319
15872 1597706349443544731
16384 1597706349454115384
16896 1597706349464707055
17408 1597706349475288745
17920 1597706349485866954
18432 1597706349496441440
18944 1597706349507061500
19456 1597706349517643449
19968 1597706349528282008
20480 1597706349538760403
20992 1597706349549341871
21504 1597706349559925987
22016 1597706349570507658
22528 1597706349581088922
23040 1597706349591682019
23552 1597706349602249172
24064 1597706349612839844
24576 1597706349623422793
25088 1597706349634046741
25600 1597706349644610246
26112 1597706349655185770
26624 1597706349665764237
27136 1597706349676348168
27648 1597706349686928173
28160 1597706349697511714
28672 1597706349708088886
29184 1597706349718669187
29696 1597706349729270469
30208 1597706349739836252
30720 1597706349750416368
31232 1597706349761008724
31744 1597706349771558026
32256 1597706349782138327
32768 1597706349792749294
33280 1597706349803297503
33792 1597706349813879359
34304 1597706349824463716
34816 1597706349835043387
35328 1597706349845624003
35840 1597706349856209323
36352 1597706349877370795
36864 1597706349887951818
37376 1597706349898529008
37888 1597706349909108828
38400 1597706349919748313
38912 1597706349930271985
39424 1597706349940854898
39936 1597706349951433588
40448 1597706349962019074
40960 1597706349972595856
41472 1597706349983335284
41984 1597706349993758625
42496 1597706350004345667
43008 1597706350014926079
43520 1597706350025508880
44032 1597706350036086496
44544 1597706350046670612
45056 1597706350057249783
45568 1597706350067827047
46080 1597706350078410274
46592 1597706350088994279
47104 1597706350099571358
47616 1597706350110153511
0 1597706350131343279
512 1597706350141904118
1024 1597706350152478493
1536 1597706350163063960
2048 1597706350173662280
2560 1597706350184300580
3072 1597706350194802142
3584 1597706350205385813
4096 1597706350215924689
4608 1597706350226514656
5120 1597706350237087457
5632 1597706350247666925
6144 1597706350258247578
6656 1597706350268831898
7168 1597706350279413088
7680 1597706350289995000
8192 1597706350300577079
8704 1597706350311285433
9216 1597706350321783773
9728 1597706350332358074
10240 1597706350342945116
10752 1597706350353519695
11264 1597706350364100218
11776 1597706350374815721
12288 1597706350385267857
12800 1597706350395846547
13312 1597706350406431700
13824 1597706350417009075
14336 1597706350427592469
14848 1597706350438173511
15360 1597706350448749664
15872 1597706350459331761
16384 1597706350469915506
16896 1597706350480495233
17408 1597706350491077664
17920 1597706350501657150
18432 1597706350512243099
18944 1597706350522824641
19456 1597706350533400794
19968 1597706350543981984
20480 1597706350554564822
20992 1597706350565147179
21504 1597706350575764720
22016 1597706350586310188
22528 1597706350596890619
23040 1597706350607471531
23552 1597706350618050907
24064 1597706350628634596
24576 1597706350639247397
25088 1597706350649796550
25600 1597706350660377629
26112 1597706350670957597
26624 1597706350681539083
27136 1597706350692118366
27648 1597706350702699241
28160 1597706350713280487
28672 1597706350723861454
29184 1597706350734446329
29696 1597706350745030519
30208 1597706350755608339
30720 1597706350766276713
31232 1597706350776774645
31744 1597706350787352335
32256 1597706350797931358
32768 1597706350808512252
33280 1597706350819091497
33792 1597706350829722390
34304 1597706350840257507
34816 1597706350850840845
35328 1597706350861418257
35840 1597706350871999225
36352 1597706350882582248
36864 1597706350893164031
37376 1597706350903741758
37888 1597706350914326262
38400 1597706350924909582
38912 1597706350935488883
39424 1597706350946070314
39936 1597706350956651819
40448 1597706350967238434
40960 1597706350977812254
41472 1597706350988395574
41984 1597706350998975097
42496 1597706351009554342
43008 1597706351020143440
43520 1597706351030795481
44032 1597706351041305042
44544 1597706351051881121
45056 1597706351062461200
45568 1597706351073041094
46080 1597706351083626135
46592 1597706351094212974
47104 1597706351104789145
47616 1597706351115369650
0 1597706351136520863
512 1597706351147075795
1024 1597706351157718891
1536 1597706351168235286
2048 1597706351178814050
2560 1597706351189395407
3072 1597706351199975745
3584 1597706351210556138
4096 1597706351221322826
4608 1597706351231761592
5120 1597706351242340893
5632 1597706351252922657
6144 1597706351263505625
6656 1597706351274085963
7168 1597706351284668449
7680 1597706351295253658
8192 1597706351305832440
8704 1597706351316411834
9216 1597706351326994746
9728 1597706351337574010
10240 1597706351348151608
10752 1597706351358753390
11264 1597706351369321840
11776 1597706351379898567
12288 1597706351390483349
12800 1597706351401059021
13312 1597706351411643359
13824 1597706351422279085
14336 1597706351432804628
14848 1597706351443388929
15360 1597706351453969138
15872 1597706351464549902
16384 1597706351475130740
16896 1597706351485712967
17408 1597706351496293120
17920 1597706351506870902
18432 1597706351517460666
18944 1597706351528040579
19456 1597706351538617158
19968 1597706351549203996
20480 1597706351559778075
20992 1597706351570359802
21504 1597706351580938936
22016 1597706351591520089
22528 1597706351602102613
23040 1597706351612816041
23552 1597706351623265048
24064 1597706351633848979
24576 1597706351644432113
25088 1597706351655014803
25600 1597706351665590345
26112 1597706351676172739
26624 1597706351686754207
27136 1597706351697337415
27648 1597706351707915642
28160 1597706351718495184
28672 1597706351729075985
29184 1597706351739696897
29696 1597706351750239810
30208 1597706351760824870
30720 1597706351771405319
31232 1597706351781985991
31744 1597706351792565718
32256 1597706351803145797
32768 1597706351813764431
33280 1597706351824314269
33792 1597706351834893163
34304 1597706351845475927
34816 1597706351856062469
35328 1597706351866632307
35840 1597706351877239293
36352 1597706351887855057
36864 1597706351898377173
37376 1597706351908960030
37888 1597706351919557387
38400 1597706351930140743
38912 1597706351940722285
39424 1597706351951302142
39936 1597706351961886943
40448 1597706351972466485
40960 1597706351983041730
41472 1597706351993630754
41984 1597706352004324812
42496 1597706352014791819
43008 1597706352025382453
43520 1597706352035961791
44032 1597706352046518204
44544 1597706352057096764
45056 1597706352067706287
45568 1597706352078258237
46080 1597706352088844446
46592 1597706352099417747
47104 1597706352110004641
47616 1597706352120582164
0 1597706352141731674
512 1597706352152291013
1024 1597706352162865481
1536 1597706352173450133
2048 1597706352184029120
2560 1597706352194615588
3072 1597706352205226259
3584 1597706352215771505
4096 1597706352226354806
4608 1597706352237043680
5120 1597706352247557704
5632 1597706352258140264
6144 1597706352268757195
6656 1597706352279299182
7168 1597706352289882853
7680 1597706352300464747
8192 1597706352311043844
8704 1597706352321624812
9216 1597706352332205410
9728 1597706352342787618
10240 1597706352353366882
10752 1597706352363949387
11264 1597706352374535318
11776 1597706352385116619
12288 1597706352395749457
12800 1597706352406280018
13312 1597706352416856671
13824 1597706352427446620
14336 1597706352438021958
14848 1597706352448599926
15360 1597706352459338373
15872 1597706352469767621
16384 1597706352480343626
16896 1597706352490927723
17408 1597706352501508025
17920 1597706352512086696
18432 1597706352522672349
18944 1597706352533248669
19456 1597706352543831303
19968 1597706352554416216
20480 1597706352564995572
20992 1597706352575576966
21504 1597706352586160860
22016 1597706352596758031
22528 1597706352607320907
23040 1597706352617897800
23552 1597706352628485139
24064 1597706352639064421
24576 1597706352649643352
25088 1597706352660282763
25600 1597706352670809195
26112 1597706352681385200
26624 1597706352691966297
27136 1597706352702549006
27648 1597706352713129826
28160 1597706352723710349
28672 1597706352734383167
29184 1597706352744908969
29696 1597706352755481011
30208 1597706352766053220
30720 1597706352776641299
31232 1597706352787233656
31744 1597706352797803290
32256 1597706352808376277
32768 1597706352818960226
33280 1597706352829545842
33792 1597706352840123236
34304 1597706352850820961
34816 1597706352861268949
35328 1597706352871849695
35840 1597706352882430237
36352 1597706352893014964
36864 1597706352903593561
37376 1597706352914173029
37888 1597706352924759034
38400 1597706352935339095
38912 1597706352945921248
39424 1597706352956504364
39936 1597706352967078257
40448 1597706352977660318
40960 1597706352988241841
41472 1597706352998823179
41984 1597706353009401555
42496 1597706353019990578
43008 1597706353030566546
43520 1597706353041147273
44032 1597706353051767889
44544 1597706353062311301
45056 1597706353072891399
45568 1597706353083470830
46080 1597706353094057816
46592 1597706353104635747
47104 1597706353115256307
47616 1597706353125800516
0 1597706353146992600
512 1597706353159146784
1024 1597706353168083610
1536 1597706353178663115
2048 1597706353189249065
2560 1597706353199823033
3072 1597706353210407667
3584 1597706353220985043
4096 1597706353231572418
4608 1597706353242252143
5120 1597706353252729465
5632 1597706353263355191
6144 1597706353273938603
6656 1597706353284518071
7168 1597706353295101410
7680 1597706353305701692
8192 1597706353316257234
8704 1597706353326841276
9216 1597706353337424540
9728 1597706353348001397
10240 1597706353358581828
10752 1597706353369162092
11264 1597706353379749375
11776 1597706353390329102
12288 1597706353400909477
12800 1597706353411496112
13312 1597706353422073061
13824 1597706353432651381
14336 1597706353443257700
14848 1597706353453816057
15360 1597706353464400359
15872 1597706353474983919
16384 1597706353485562572
16896 1597706353496142614
17408 1597706353506744045
17920 1597706353517304902
18432 1597706353527890092
18944 1597706353538466263
19456 1597706353549045009
19968 1597706353559626940
20480 1597706353570210537
20992 1597706353580788468
21504 1597706353591366788
22016 1597706353601954589
22528 1597706353612538965
23040 1597706353623120988
23552 1597706353633744659
24064 1597706353644311960
24576 1597706353654865095
25088 1597706353665447600
25600 1597706353676025475
26112 1597706353686604777
26624 1597706353697333353
27136 1597706353707764564
27648 1597706353718345588
28160 1597706353728927871
28672 1597706353739508412
29184 1597706353750091510
29696 1597706353760673959
30208 1597706353771259483
30720 1597706353781833747
31232 1597706353792413604
31744 1597706353802997998
32256 1597706353813585225
32768 1597706353824158026
33280 1597706353834768382
33792 1597706353845324573
34304 1597706353855904800
34816 1597706353866483416
35328 1597706353877070254
35840 1597706353887715554
36352 1597706353898299930
36864 1597706353908823621
37376 1597706353919406237
37888 1597706353929989538
38400 1597706353940571987
38912 1597706353951162362
39424 1597706353961719886
39936 1597706353972303576
40448 1597706353982919506
40960 1597706353993461086
41472 1597706354004045702
41984 1597706354014628688
42496 1597706354025211823
43008 1597706354035786995
43520 1597706354046367463
44032 1597706354056949560
44544 1597706354067562342
45056 1597706354078115737
45568 1597706354088692982
46080 1597706354099274950
46592 1597706354109855159
47104 1597706354120434664
47616 1597706354131012928
0 1597706354152199475
512 1597706354162761999
1024 1597706354174870258
1536 1597706354183880491
2048 1597706354194462496
2560 1597706354205043686
3072 1597706354215622654
3584 1597706354226205011
4096 1597706354236787534
4608 1597706354247367632
5120 1597706354257947655
5632 1597706354268529179
6144 1597706354279149924
6656 1597706354289762651
7168 1597706354300311489
7680 1597706354310893716
8192 1597706354321473555
8704 1597706354332059523
9216 1597706354342637268
9728 1597706354353229310
10240 1597706354363797945
10752 1597706354374385376
11264 1597706354384982214
11776 1597706354395562237
12288 1597706354406125724
12800 1597706354416701155
13312 1597706354427284586
13824 1597706354437862239
14336 1597706354448444337
14848 1597706354459023545
15360 1597706354469615717
15872 1597706354480205907
16384 1597706354490776634
16896 1597706354501356084
17408 1597706354511938737
17920 1597706354522519945
18432 1597706354533100284
18944 1597706354543687159
19456 1597706354554301552
19968 1597706354564847354
20480 1597706354575428841
20992 1597706354586011327
21504 1597706354596590554
22016 1597706354607173078
22528 1597706354617750860
23040 1597706354628334125
23552 1597706354638915537
24064 1597706354649493820
24576 1597706354660075510
25088 1597706354670686200
25600 1597706354681236538
26112 1597706354691817173
26624 1597706354702397308
27136 1597706354712981035
27648 1597706354723563021
28160 1597706354734143211
28672 1597706354744726290
29184 1597706354755308388
29696 1597706354765886134
30208 1597706354776471768
30720 1597706354787052495
31232 1597706354797629945
31744 1597706354808214968
32256 1597706354818794084
32768 1597706354829377108
33280 1597706354839956817
33792 1597706354850537507
34304 1597706354861119808
34816 1597706354882281892
35328 1597706354892890637
35840 1597706354903481512
36352 1597706354914049073
36864 1597706354924622782
37376 1597706354935244046
37888 1597706354945786273
38400 1597706354956366612
38912 1597706354966943765
39424 1597706354977535233
39936 1597706354988109127
40448 1597706354998699168
40960 1597706355009257840
41472 1597706355019837494
41984 1597706355030417425
42496 1597706355040995763
43008 1597706355051576509
43520 1597706355062166921
44032 1597706355072741574
44544 1597706355083326394
45056 1597706355093902936
45568 1597706355104485571
46080 1597706355115067817
46592 1597706355125649173
47104 1597706355136231030
47616 1597706355146811035
